7208 8130
8985 334
2358 7370
2888 5729
3048 396
4963 6816
6150 2981
563 422
1953 7147
2245 4972
6368 422
3348 8397
1189 3874
7819 7472
5668 4651
7009 2876
2782 5994
9563 1492
3364 8803
3573 2765
9199 4888
9581 5349
7869 6497
2123 9823
9996 4368
1147 6364
1142 847
1113 2331
1074 8933
6155 6742
9936 3164
9619 9070
9158 5534
562 8875
4337 487
1640 9888
5376 7573
1589 3245
4070 3712
9420 418
4432 6919
6782 5574
7767 4248
4258 8841
9533 413
1935 9469
3578 7906
8540 9088
3440 5454
7963 4129
5942 5955
4017 1318
3529 5606
915 3951
5670 336
4370 102
7255 7504
2029 1374
1752 6287
6567 1285
6700 8503
755 6630
6409 5647
5719 6202
1101 34
331 3395
5990 4349
4713 9519
6307 1981
9822 8330
2317 4192
8432 5924
8049 6813
3651 9801
3100 6570
7439 6153
5073 8194
9135 7835
193 1206
4037 1294
1241 4368
4690 7231
5069 5755
3102 1377
7736 9276
9707 6405
3469 4491
8682 1518
1305 2333
7671 757
8903 5110
3262 329
9656 2398
8164 9849
9956 2201
7496 1197
2921 8538
4780 7991
4293 4234
5720 8382
3511 1779
4787 3332
6270 9821
1202 3927
8506 8873
1037 3762
336 651
4091 9992
9401 8607
6194 9358
7160 3690
555 81
2228 1688
4424 6521
5922 144
1255 9433
1923 2395
2765 4546
2216 3967
4825 723
9193 5862
4485 9529
6514 4928
5873 5915
9887 2067
1625 7047
5757 2181
3480 7985
3869 4257
859 6143
4401 8466
1929 2677
861 4694
3575 3078
5014 8400
153 559
615 990
88 7129
5918 5961
9396 2157
4381 7374
9204 138
9555 9036
4476 9776
3293 1687
2271 4047
153 4200
3076 7367
8895 6651
445 261
5051 598
820 2018
1588 7260
9147 3858
9573 4896
6015 3954
2270 1571
445 8177
6959 1273
4305 6605
9312 6576
652 9465
777 80
6832 6024
6731 3629
2637 8134
579 9809
153 8519
3421 5652
2377 9346
6900 4744
9653 5522
2667 98
51 9627
7723 4356
6232 7035
7285 3236
2852 8062
3316 6037
438 6399
9666 3075
885 246
9236 7390
5117 2657
9395 7495
2003 6295
8591 1656
8170 1259
8106 8221
886 5829
2578 3470
2864 6215
6706 5717
4277 6374
1754 1067
9125 7772
494 10
4370 9730
7401 9488
8739 6796
3335 7094
9443 1926
8751 7613
9537 3209
5835 6775
9039 4765
245 8255
980 3303
324 1609
9677 8430
9028 8802
2555 9522
5165 6925
5604 2566
6413 4343
5714 6100
1437 5157
8027 6540
9123 7564
9750 1310
4340 5141
6075 937
3396 3407
4241 73
1368 270
4855 396
9073 7410
6270 4238
4336 1874
3156 7101
2569 8870
3202 358
379 7581
6899 5854
1497 6649
7164 2189
8142 9591
3127 7890
9350 3720
7963 718
3990 2819
7466 9415
6581 88
5 917
1962 3161
4371 883
8383 3925
1242 5115
1506 8141
969 9355
1142 4486
1545 9284
4077 1024
7174 3428
4744 1490
498 5086
661 7965
4502 7242
8053 4507
8160 6368
4021 8883
7251 8756
2808 8493
3871 666
2986 1193
21 4128
5679 7918
9764 6108
5294 6939
9536 6390
4781 35
1477 5442
4352 2331
2684 8757
3190 7196
1477 3563
6079 5081
2320 8887
9926 2543
5905 2913
88 5927
3393 5767
197 3158
1876 5492
6449 7764
1882 1230
4151 3359
6672 4855
2042 5708
9965 5233
2905 1442
8796 8984
2875 7468
4224 2802
12 129
5715 100
2408 9108
2220 2606
8618 448
8098 1419
8212 6332
2649 8716
6044 5673
3571 8086
1382 3536
9671 639
1331 8468
9623 4206
2288 3847
7008 2300
329 9075
8753 2737
4536 7325
1695 9506
7773 6145
926 2337
2478 9927
1053 8522
5601 977
2960 3335
865 2632
3974 8548
7452 9949
2755 9740
149 6115
8393 478
1543 7146
9567 2431
4471 7615
1937 8596
3760 2863
933 2590
2791 8339
1112 4744
9316 425
4431 6533
9409 4757
5082 6861
4706 4189
2953 1207
6656 1346
8037 8199
4844 3957
630 5667
1572 8920
4263 5332
1783 5197
7923 926
9888 5387
2022 9204
2164 6453
5737 1573
1210 7171
8434 2269
1360 1388
9828 8017
9086 7866
6216 3931
1823 3199
9598 3395
2119 214
5079 254
5411 9354
7533 1651
1094 9555
855 3258
2361 2944
4832 9923
116 9618
2192 1476
7358 2021
5845 6445
6239 8414
6728 8062
1613 2678
7809 84
2892 2888
6690 4655
8595 4223
6306 9689
131 3513
2947 2492
2810 4131
2415 9278
102 960
754 7460
9333 2952
257 5572
1366 3337
9986 9331
6016 7795
9415 8908
7035 2457
9916 5630
3033 6222
5319 3164
6088 8267
5656 8898
8750 4423
8176 8852
5383 5282
6313 4716
8234 2922
288 5952
6260 6626
5283 8628
4421 1050
3888 1457
3508 3804
7087 6541
6379 2407
6057 2467
7026 1713
7717 2128
6136 2245
981 7872
7527 3646
2588 2114
2920 9229
8066 9180
5855 9702
4160 6629
752 8049
8086 612
1853 1525
7153 8232
284 9562
7051 3662
1275 1120
5791 3764
3365 3124
7988 7245
3122 576
9359 6042
6157 3777
1575 8365
3479 5735
4994 584
3784 9432
1196 5638
957 4702
222 1242
4264 3626
4904 1892
4746 7047
2008 4464
171 9996
1709 3293
6924 7420
5688 3082
1197 7263
7799 1029
9350 2793
7965 3135
2225 9161
5125 9534
215 1699
776 4480
5325 2033
2724 6424
9080 4732
888 5604
1080 2597
5249 8004
17 937
7438 7566
4552 5237
4947 3903
4382 2912
7038 2959
8426 8515
2494 8641
214 3270
9473 1892
1655 2197
8316 736
3281 5556
6340 4361
8153 7941
8718 4522
8879 2508
8440 3431
4098 3388
7334 8480
6300 724
7792 4726
5591 286
9720 5806
9908 9193
4050 1564
7743 2366
8652 1024
4274 4992
1738 2427
2933 6808
3301 8164
9316 1741
7948 3414
1481 5282
8247 4134
2359 6039
5212 7950
6325 4932
108 6233
478 4158
4149 8221
2876 2801
5597 7150
4145 7335
5929 3431
4143 9230
1595 9812
7324 9543
3226 5157
1178 1473
9291 9889
3864 4504
7839 189
5788 4300
2775 6266
8458 6924
4487 1335
6078 85
8485 223
3772 4415
3654 4268
9997 1602
4080 3673
1145 3658
8831 8675
1484 8122
8564 5348
8978 2756
1890 4767
7056 4665
7385 1866
7941 1873
3201 4019
8310 8039
4243 2082
8806 4249
2702 5155
5851 6782
8829 3349
6793 4012
2024 8277
8486 589
3625 7465
9697 5515
8584 6753
6532 5969
8619 826
4194 8173
4845 2504
6212 5440
939 1370
9690 9993
6525 1893
6776 1706
5242 3569
5718 7267
8198 4205
4208 1823
8022 257
3691 6606
3362 6575
8927 1981
7401 3122
6506 2247
1978 9070
4039 9269
440 3729
9263 3318
1975 2391
5024 7217
2312 743
836 510
1300 5044
8685 9322
1653 8728
2280 5015
5304 1207
6997 2705
681 9855
1304 9012
8926 5344
4633 5718
5425 3896
9036 7400
2639 4061
4618 1303
1156 5454
1813 8808
6851 6851
8130 8504
5579 410
3520 7235
7969 6869
6293 5003
3076 7597
4015 2002
9293 8648
7721 4719
8897 3109
8471 1536
3522 3089
2840 1030
4896 1005
9838 8099
4208 4320
2955 6140
4730 2827
3375 9052
9696 6020
4055 2773
3618 4422
1127 9263
9422 5200
3982 8319
4662 8806
6208 8184
8247 5400
9215 3143
2757 5405
7594 6966
9726 550
9458 808
9729 9185
9860 9426
5206 267
8551 5176
1041 6030
4439 464
7583 8422
5135 2245
7228 1343
429 5475
3095 5996
4971 5853
1402 8917
9171 1128
5819 8629
1936 5549
4166 8149
1327 9372
8416 6230
4548 9458
2260 8988
6274 9843
3762 1409
2088 7342
9105 8870
9169 2200
4866 492
4405 6268
9410 9928
3748 5229
4909 5685
7130 9076
3834 8457
8448 8602
4687 9349
4412 3300
8337 686
9495 8451
8448 1584
2145 7553
6806 1314
6105 1672
8159 6863
4293 3921
6791 8041
9150 1701
3726 2633
7129 3912
1090 5577
2515 2130
4926 6927
5430 9615
7614 1277
4418 6062
9213 6563
9967 6019
4230 2424
4044 2389
9287 8337
6310 6079
2730 1812
4132 2809
4445 1261
6721 1888
6838 9236
370 8117
6164 2152
4084 130
3429 4855
2544 2643
1418 8863
8662 2000
1287 2706
741 575
7395 7051
6654 126
5216 7138
2935 6013
8399 6008
7901 1589
5245 4623
6058 7761
6775 6495
4243 205
1350 6787
2848 9120
5650 7862
1121 6937
6921 1862
3864 4316
5266 6870
794 482
4008 3729
2847 2407
9738 7101
3997 1335
1724 6407
9096 8500
2902 9691
8705 4252
6478 7905
9725 8480
5767 7198
1769 2688
5412 5634
3357 678
8856 4151
7512 2865
4233 6712
5272 3971
3813 5621
1658 5537
8381 7106
4037 1283
6797 9094
1888 9627
6999 7965
4459 9119
5163 6228
1807 575
8214 5164
7606 7071
5668 1470
9936 9901
8182 1560
224 1995
3534 1882
7533 1915
8988 7922
9550 2137
7017 1438
1764 4016
9403 6223
3135 918
8803 1295
7846 3370
2811 5452
441 8479
6922 6729
8380 1457
4641 8604
3452 4527
6838 7337
2794 2178
5260 2345
4315 2277
135 2431
2645 5891
5006 2133
6809 3810
3428 1007
7180 6239
6459 3973
4719 9734
7054 9451
1191 1695
4408 995
2575 1246
4685 5369
3425 6297
7714 4092
4926 4202
6524 7571
6445 1530
6056 9606
5340 9484
614 8872
2076 7073
2845 3147
3159 9899
2598 702
7947 3358
8050 522
4605 2735
5891 4382
5384 9958
8474 310
512 4998
4233 6957
6529 290
6563 8221
6126 7177
7094 8202
603 6291
1349 3762
2543 300
4465 490
3658 8867
7364 8263
1602 3255
2645 3338
9565 1120
3648 77
2470 7881
7034 5351
4523 9950
3573 650
7127 7019
5204 4082
3310 6554
7845 2205
3206 8662
2695 6864
3881 6411
1480 5483
9667 477
5173 5584
7949 8821
5662 420
3054 9048
5771 3930
8998 5696
4580 2478
2715 9784
6560 2378
2690 757
4583 5896
5771 3631
9113 9652
42 6945
1487 6061
7422 6660
7998 1724
1833 3660
2144 4888
9060 4267
8818 4411
6316 9750
6889 5383
5886 9801
7761 8577
6911 8697
825 2682
8680 9938
8687 5074
6883 174
7488 658
3187 5486
2382 5020
5498 878
6260 910
1497 5078
5321 7813
1180 8562
3197 7067
8364 7310
5644 1627
2359 2821
661 1039
2760 9348
2466 5995
5875 9954
3005 5414
1792 5387
434 3642
6265 6695
4552 4115
8125 9874
8280 9306
8436 1477
6373 3152
5140 8369
1131 7499
1190 1793
4891 302
1141 7357
6298 3368
3663 9303
8782 5455
1043 5569
9097 3660
2264 1
7775 6741
9875 6056
6047 4664
3885 8772
4168 9025
7141 5300
2877 4684
3445 7768
4986 938
5125 7636
4307 5140
3292 9441
6947 4335
5010 6044
4347 7274
2397 8475
368 2273
4531 6415
3289 4768
1540 3809
146 8681
5461 3023
3365 8906
791 4704
6197 2268
2340 504
3760 1984
9945 707
6319 1308
3103 7019
4934 5500
5494 5302
4125 6377
1718 7414
1145 9610
7576 7643
8291 3037
666 8009
8296 7809
9065 4493
6429 1405
1349 189
9742 7646
896 6061
8954 3999
9432 3889
9500 4926
9191 3625
1303 7261
7392 8801
6871 1320
6444 1515
709 7111
5876 9005
1272 4941
9850 7702
2698 7551
4243 2440
5198 5140
4854 4152
5491 4286
4393 1343
9213 9937
1321 6868
7198 5065
5669 422
6385 8466
1937 7094
1929 7813
2452 3201
9106 8654
7255 1804
6206 1499
4245 1404
2991 9099
1908 4834
3385 6302
6178 8950
6239 3851
5819 9789
8916 7840
211 1653
6306 8500
5099 8235
2665 3903
1437 1771
2558 5044
3576 8764
6543 7821
6520 5886
3272 8428
721 6657
1082 3251
5608 3673
3454 7779
3463 8722
5619 26
375 8278
4879 1826
6513 7544
5730 4302
9316 8288
9347 9244
7052 2242
3417 9924
8129 6689
8352 5202
3346 5787
4805 5306
9460 8259
9437 2923
3333 1409
9302 3708
9687 4181
5534 6200
1725 1264
503 7393
5904 6202
2989 9308
8444 6406
9232 2925
3095 7585
8127 2794
9724 9284
4452 9184
3895 3890
8460 7228
1651 7762
936 1338
8295 2823
7538 6372
439 4393
118 6344
595 3107
5652 9040
5866 4885
1965 8961
8822 6445
8107 8546
5729 8912
4082 9625
9154 2542
3205 805
6656 494
2143 4951
3317 6033
1324 108
427 7794
6452 7374
901 8457
6414 6767
9694 4732
2081 8516
7529 6540
3414 9610
5452 7496
5587 4606
6391 8793
5411 3047
9287 3906
7999 8956
9940 5675
9064 6719
3469 1869
4093 722
326 6860
7490 6372
1592 5923
1240 9121
2463 4654
5083 7916
8502 671
8874 4893
9464 638
7941 8751
4544 2292
7707 4484
4319 3123
1203 4140
4992 1649
4862 1670
8509 8704
8042 101
4627 9282
5574 3443
288 657
1359 8791
7680 6585
36 7144
7223 7977
5895 1768
6621 9954
2604 940
3078 3808
5080 8070
1809 6295
6093 318
4999 4135
6771 5979
3418 8697
9422 3706
5706 7133
8849 3387
3718 8886
531 942
3215 2779
2710 9837
2733 5314
7129 2163
5474 2210
6586 7283
8505 2679
7601 9856
6814 4372
5835 6584
3069 5257
6643 5128
2390 5492
8515 6109
4378 9046
7051 7594
1825 6113
3783 911
1427 912
3074 3254
9474 9660
537 4331
2339 4491
4188 5506
5215 23
2090 4637
1633 5085
9765 375
578 8280
2836 4956
3678 6239
8902 5504
2352 2685
2767 132
3598 5841
3386 3072
1854 275
7404 545
1118 7944
2403 6334
4319 846
7323 5952
5931 7088
2680 6509
1720 5516
7818 5398
1756 6720
7254 4108
9406 6373
592 3004
2215 3978
2428 421
606 9832
966 1724
4128 3370
4410 8448
568 1733
752 6499
8821 3432
3009 6893
8949 827
2292 7057
7547 5898
7517 3305
2272 8110
6309 839
8440 5090
1260 9046
4922 8578
7123 5403
8300 1533
3851 8868
3267 4603
5368 8440
8036 4729
5334 3337
5556 3978
394 9455
9876 7911
2761 8500
2373 5422
9339 814
512 6951
9860 1787
1882 6983
7190 182
8517 1041
5403 8136
1996 771
6576 32
1852 1910
9721 3760
5888 115
3215 2117
4379 2328
617 6752
4103 6309
7566 4615
3260 3779
2754 5142
7114 9944
1677 1983
7337 7080
119 9334
4203 6696
5718 6055
8606 1792
9815 847
8259 9382
2964 2638
1711 3581
5743 5814
9890 9661
6781 9503
3440 9536
4645 555
5832 2674
8890 9522
9754 9010
5208 3957
5706 7278
12 664
9070 6179
1511 7330
5562 4475
6320 7273
4409 2063
9439 651
1725 6220
154 5165
2108 1152
2072 7941
3826 963
3815 9933
6325 9023
3890 2031
6301 255
9047 1724
2786 6911
9054 8348
1386 5374
1973 2147
7438 1412
2799 5515
3985 9305
680 6093
6809 9105
386 636
6420 4201
6921 2745
9576 7163
1128 2230
3770 6527
3954 6557
3438 3008
4905 1177
4734 6879
3324 2172
4643 2475
7687 8628
8133 4720
1074 4942
177 7812
1930 2949
8366 8851
2046 7942
6015 9526
172 9785
6053 4126
6342 9492
3486 7600
7021 8221
4479 345
6745 9122
9173 785
4103 7306
1857 5177
8600 2034
2989 531
1335 7707
5734 3381
5650 1749
2907 2174
7887 8960
6301 581
4804 9787
4533 1825
4360 9012
8523 1106
4487 4048
1891 4942
1354 3748
6471 6306
2134 5812
6837 9821
3520 2572
3202 9170
673 2461
1344 4912
7773 3997
1846 2578
137 6379
755 4497
1744 5630
1955 2583
9678 198
7525 7384
298 3996
3691 2432
6160 528
2253 9680
9452 1807
5202 126
4268 2899
1390 2042
6896 3236
972 3385
9616 1727
4235 1360
3710 6190
3943 3388
2741 7820
773 3039
8168 4464
1824 4328
4992 429
361 4445
2237 5563
923 2857
8462 2313
1251 1711
1902 2223
1448 1518
303 5683
9230 4013
8226 9525
7401 967
7345 8174
4006 1865
8990 5830
6193 3983
2612 6554
4780 4849
8470 2055
4058 3284
4368 5310
4995 6270
3885 6444
4140 4188
8479 9722
4553 6705
9247 8307
4024 2944
2833 8031
1161 1824
213 7355
2159 9177
261 6939
4026 5083
5346 4437
8368 6066
9747 3363
2337 3632
6159 2829
4173 4639
8904 8726
7696 8151
3385 1721
7448 6219
6104 8609
8043 2669
2316 6554
1847 8930
9845 2225
4013 5191
6662 2381
1257 2761
2097 9946
6394 4608
9128 567
5599 8032
5645 3296
6183 9031
1369 9983
1602 3825
4945 5997
6494 3613
2551 4693
8895 2396
6919 2909
3939 9933
1642 5196
2695 91
1495 9089
4700 623
6008 299
8655 8005
9947 1190
3388 1316
7526 4990
5141 2471
7339 7988
2436 9890
2681 1332
8638 5952
593 2577
5886 2235
4126 8581
8679 5621
7670 3379
2596 30
30 1251
8035 9978
2441 7776
7646 9967
2766 9140
8790 6458
7128 1227
6348 6161
8911 1339
2114 9504
268 8000
8091 746
2933 6770
2719 603
6501 5315
6985 6532
6566 1372
2862 5360
9148 508
1679 8267
6000 6822
4725 9480
4401 7425
5642 3312
8764 4108
9168 5385
8460 7259
6131 1393
382 8851
8348 6883
4166 5333
9767 7085
6705 2629
8797 2206
3138 6828
473 5490
3650 1550
4971 4403
8975 613
7715 4092
4721 3235
9477 9533
6847 5608
926 7229
811 9274
464 4978
4607 232
8415 7664
2861 3564
9870 2351
392 343
7842 395
1893 2813
4798 7221
9778 8866
1313 851
2101 790
384 5300
6398 1310
2529 7210
584 2994
8540 1543
9578 3307
9207 2439
6871 9078
1143 3615
5773 8985
4010 4019
8150 5161
1240 4280
4027 2553
5131 2480
9695 1867
7781 6093
3177 6662
9655 113
6008 4547
1656 5586
4206 7215
8026 1077
6293 5521
4693 8419
858 5055
2438 9008
216 30
9640 595
8935 4771
3076 8630
6638 7209
1075 6167
3871 731
6280 9880
1630 4288
5466 5837
1503 9844
3266 4149
5365 4311
8920 6223
9367 7710
1583 5935
7740 1223
6531 6675
2346 9607
5305 5336
6816 6380
1503 7039
3463 4135
6919 1446
4775 8738
3635 2631
8582 6901
3132 3948
7565 2052
6523 6932
9762 4459
9219 3854
5682 5750
6881 4381
5357 8538
9717 8525
1270 7573
5565 4734
8060 8836
2532 2836
7574 6167
5467 6157
9420 8599
6457 6985
7003 2980
269 3117
7439 9489
6971 9474
5239 204
3855 6949
8742 9924
1826 12
7497 7391
1098 5558
6228 3630
4746 154
6149 6565
6311 5570
5164 9120
8907 8519
2101 5529
1636 5892
5018 4959
1718 6609
5163 1925
9910 3905
1850 1737
3917 9347
5480 5016
1257 8060
4998 6003
8215 1148
2568 878
6718 4084
9999 1977
8955 8452
7506 6943
4344 8876
1902 2415
5486 7065
4340 1748
7322 2542
3485 7592
8242 5318
8960 9499
3378 3958
1855 7945
1458 775
8824 8176
1212 8823
6506 167
7275 4012
7111 7971
2889 5365
386 4727
2431 1079
6475 6105
3621 9961
3697 1863
5279 9009
7715 5009
9320 9570
2955 778
6697 1779
8955 7909
6954 5461
4429 4229
5825 1540
8552 8714
6905 5291
3441 5688
6370 9917
8146 6343
6230 8195
4559 7861
7205 2274
2870 6525
8196 2177
7303 4893
308 2610
2803 7262
4423 7232
1491 249
5124 6396
5315 8381
1687 8757
4070 4409
5026 2216
752 1256
6763 5311
5469 3968
3937 4691
6845 2133
6869 4149
7027 7177
3111 6182
792 7535
9766 8635
4136 4890
5031 9451
9623 6718
4560 3693
7479 9586
2261 8232
7194 9025
9895 2663
9345 3833
7355 6191
2318 576
6692 5697
4105 9803
1879 4897
3690 7997
3533 4178
2887 8564
3630 2511
1635 4542
2556 9114
4129 1170
3698 1323
6547 9946
339 2244
3779 4046
4787 2449
974 1479
8147 5079
7635 26
6329 7677
8024 6214
1856 7263
1130 1838
6126 9117
6380 5035
8232 6861
2557 8282
4537 9104
8228 4876
7700 8359
8922 2488
809 6248
3967 8956
7679 7954
5334 4008
5632 9710
222 3840
3326 7705
5678 5804
6822 8410
839 1406
5272 3396
9689 9809
8852 7917
1037 6553
2629 6311
9041 3438
2559 9360
8746 238
7315 432
599 9299
6495 7173
9491 9821
4878 5169
5625 1701
9931 2817
3107 1555
2565 9148
7716 1418
7066 8753
4323 6047
5064 9716
9485 3975
5428 4583
4214 9095
1367 4813
4746 7862
1986 4237
7683 3217
5758 9661
4918 5690
2478 4377
7245 5043
3526 4962
2813 6944
67 3488
2991 5132
9556 8828
9107 1337
9763 9673
432 1130
838 5179
5345 9177
9416 9380
2394 1527
9041 3664
7217 7871
8041 814
9267 7919
2128 2080
4863 8548
1921 4206
3680 7829
3034 9139
9166 9149
5165 9599
280 6003
1130 5625
5180 6898
5005 7574
8425 399
1238 1994
8270 5632
9161 7537
3551 7641
5970 4767
6189 4243
8973 6221
2072 8360
5361 1239
7509 6878
7190 7789
2881 8320
9766 8062
1570 1124
1988 9996
1523 9579
8342 6145
5211 7503
35 5114
5145 2357
9881 1334
6600 5207
3908 5024
3567 9269
6263 1076
2499 9805
5218 5380
4477 4984
9794 6048
2460 8135
2396 335
7714 7090
6481 9277
4594 2868
4391 6091
5225 625
3777 8177
5832 7685
3201 9399
3306 5817
6827 5805
5622 2045
7538 6452
3382 7332
8852 5842
1819 1248
2530 9533
8338 5363
5162 9284
8231 9554
1727 9808
6531 1857
7985 2363
9542 1186
8114 9201
3355 1293
1358 5330
3339 8896
1782 3073
2581 634
8915 4400
8234 7797
286 2924
3160 5448
2209 1391
1354 288
1199 7885
2145 5536
6600 8040
3075 1066
7241 6430
2360 4951
1760 2051
3848 3542
5124 2781
528 391
7181 8762
8189 3819
1687 1349
5620 248
9093 6974
536 292
1212 9034
2181 4164
7074 5256
1583 667
1686 295
1970 3447
2346 5818
3341 3822
4951 3870
565 2133
2632 8754
2304 671
6456 7924
919 5549
4899 7808
2193 2463
6842 4374
2979 268
9630 4562
7287 7669
4857 9257
1116 3555
5076 809
3729 6379
4679 4295
8512 3664
3049 7169
4335 9505
5093 1607
1406 6344
9415 9952
5159 6257
4326 8139
6525 309
2701 164
7978 3911
9421 5446
3818 849
6255 7548
7229 7287
1843 2093
7303 4892
9262 7990
750 708
9597 8508
7052 9012
8460 8564
5269 2787
6703 8146
9448 5756
8310 7426
9667 4084
9224 3486
4933 1831
7386 2162
5470 9229
4256 2773
4121 9870
7116 1223
578 6713
9732 3983
5726 8192
2547 7347
7331 5602
1846 6779
1358 6508
557 7378
592 6133
7216 5526
7965 4602
4040 3435
3831 8296
2561 4304
8167 9677
1880 5097
6390 1612
9080 8468
6156 7979
5816 9840
9933 4014
2971 7644
522 3529
5022 1115
6014 8590
2993 3979
9544 7033
3767 9727
5330 6328
383 9849
2357 2263
1298 5099
227 6731
3568 6384
4710 5736
2576 996
9750 5547
8640 6624
5428 14
7739 1443
8604 7084
1774 4500
4118 5541
4227 5800
8221 4610
5649 578
6874 3299
2030 3453
30 5598
6189 1093
7686 8765
2089 3788
665 729
412 6093
743 4504
3888 5699
1588 5663
199 2058
7556 778
7858 5778
5388 9859
2708 8614
3159 4738
2068 3189
6688 8257
4282 726
3375 2723
4514 4040
3452 1279
6485 547
2135 374
2598 75
2389 2797
2134 9945
3575 9992
2075 5316
6204 1136
3930 9363
5874 2350
8904 8915
6960 3187
9641 335
2262 4156
727 2067
1787 7212
2614 3922
3938 1565
3997 6327
4362 2483
2625 4290
2476 4700
9606 8680
2188 9888
4395 8063
8591 3299
3330 5551
2838 2971
2238 5101
3479 2965
7168 5266
6529 6134
9188 468
7699 9538
3147 8414
2021 5772
2704 849
6825 8662
5881 9013
8550 276
3428 3493
3576 6758
9044 2766
6082 7634
7867 9561
599 1387
4828 7129
7522 368
3949 1573
9906 7096
9987 8280
2869 9043
9129 6046
7705 5011
5059 2608
1639 4840
6101 5215
1598 1498
7982 4032
9132 2201
3594 6084
3589 4774
3213 7463
5142 3514
9036 1401
610 5376
9681 9831
771 5162
5877 8477
173 937
7437 1813
2129 9890
3380 79
1388 7714
4112 6873
6268 7706
2957 9857
2480 2522
3672 3974
6036 2708
5375 2998
4436 1408
2830 5208
6571 8707
37 3096
5996 3826
4909 8125
3716 4642
8205 1457
8708 2317
4682 4976
6375 7639
4833 5207
6513 8505
9181 8901
7566 909
1899 8354
2317 4729
9914 5240
9789 6303
8337 5785
129 3246
3911 198
4240 8468
1655 2949
785 6337
7925 3512
328 9111
8719 3193
3968 7900
2094 7886
8809 345
2593 7479
1427 2507
2719 1216
8811 1056
7001 5292
655 7264
5490 4895
5732 7145
4196 2869
9834 8474
6381 6514
3937 5100
6059 4257
3001 4505
8496 8162
4851 1089
5641 6278
9948 8361
3846 8759
5769 847
404 6424
4464 5894
7672 196
9392 1868
9418 9226
6694 5799
2093 6983
900 8152
1241 253
2658 9737
8415 3861
826 409
6491 7126
5122 337
5886 891
7536 2642
7316 2000
8536 4988
8549 7928
3208 7967
3507 6255
118 5600
3238 1018
104 4479
7623 9114
4216 2391
2975 1394
2800 5818
8521 7922
6155 759
8813 44
3401 2481
2044 8289
3821 6945
6218 7030
1264 9725
3285 1383
5325 2875
8753 1781
7355 6377
896 7923
8768 223
5670 7920
6042 543
2194 8549
1302 7359
8593 1055
9841 6990
9344 3662
287 1914
7044 1552
1639 6681
2935 3316
9557 8040
5098 6912
769 2346
1187 5889
8921 6857
3809 4963
7400 2355
9865 5054
9715 8458
2461 9556
1800 8158
9570 2088
72 2967
9992 1712
9648 9279
1380 9205
7319 6478
2469 8089
5176 9
3978 4098
6866 4140
9061 619
6495 5278
2025 6210
89 4487
2118 1889
8997 8041
329 9069
1008 6673
7133 656
5952 8514
6214 9624
1344 5035
4065 6521
5044 8043
619 1911
8535 6032
8882 5031
1311 907
7593 7752
1746 9712
5993 7095
4105 6323
2517 5113
9348 9650
2121 5301
4516 8335
1277 2213
3371 5342
8734 8415
9737 5705
6678 8273
8089 1912
9656 5752
9172 7249
3504 918
3313 9498
8014 7418
2173 6883
8883 1521
6533 1005
3174 7402
9340 4451
9615 9063
6145 4701
3831 2235
6758 509
508 1199
8774 6516
6952 7946
117 6808
5216 9783
6306 3230
3553 4831
113 2437
6353 2999
3442 5879
6753 9134
6683 2720
8198 2828
3773 8381
5063 6883
5242 1923
8082 4016
4791 1386
1962 4909
8195 7179
1044 853
6761 4597
2037 3227
7034 4742
2578 6828
621 5683
2315 7304
8403 6865
6485 8528
5246 7900
5411 488
6176 9845
4505 7319
1232 2819
8580 5779
6350 9624
2984 3112
4222 5021
2691 7608
9763 5269
789 6737
952 9456
393 5707
6321 3230
4235 1567
1131 5998
8407 3659
5843 9264
978 3427
2084 9559
5558 8434
5535 8543
7898 6109
9916 589
70 6032
5858 859
2769 3162
6667 3162
8869 2988
6393 9456
907 3876
1806 9314
3887 7650
8579 4865
7429 663
776 9340
5449 2664
4235 3348
8773 4151
3937 8843
6535 6148
6054 9304
5662 2721
8819 884
2061 1564
340 2968
5440 8499
2283 5679
2501 862
544 9930
7877 7673
9270 9678
337 9857
3026 5462
4009 3316
658 544
5816 6712
6201 7830
5786 5020
8714 7847
2936 5407
816 8376
3906 9451
4055 6407
313 951
2689 4542
4976 8312
4220 1665
8169 3599
7128 8530
3267 7786
5427 5435
850 1628
3265 2988
3000 8332
7188 5936
3739 4356
664 3997
3807 1071
404 472
8374 9445
1366 3351
7757 1938
1368 5927
1889 4848
809 1508
8986 6236
6943 9837
7864 6561
9177 7216
1245 6365
3152 4984
7073 168
5333 880
1239 5737
7704 9614
5182 9070
9317 9292
1009 7037
5219 2898
1886 2380
4407 872
8617 7702
7061 2833
615 6239
50 1860
8956 9554
3196 6030
9723 8529
3262 7314
4266 967
3280 5801
6389 2597
5093 7398
9635 6664
6649 1521
9044 7408
8745 4013
5110 5807
6847 5726
2046 6897
7586 7354
6451 783
9736 2526
5664 2999
9841 9931
318 3121
2084 6707
2071 3529
4106 8058
6545 7107
5931 1941
4515 4676
5955 5977
483 9154
1703 8881
6051 5642
6236 8854
2777 5972
7733 8441
5323 7574
4724 5641
7047 3160
2349 9118
3041 2807
7176 9586
6266 3107
7880 781
4136 3835
6758 4619
2989 4814
3501 5392
6808 6089
598 5937
2061 8331
4378 3737
5905 5455
9378 2953
8615 8079
8423 1657
886 5600
7595 3504
5059 5475
4285 9195
5662 7396
167 5003
2210 3668
395 5370
6109 994
1307 8170
5677 2037
1907 1583
7492 7638
888 2460
5717 5663
469 2956
7615 4416
6460 2675
9892 7098
8222 5554
4494 8389
6910 3056
8409 7305
8426 4518
4651 9733
9041 329
1770 7300
8264 5615
4938 5504
8075 7008
1167 4896
6316 8783
9312 2776
7810 9204
9874 2384
1111 720
7126 8021
3776 5535
1678 2202
6406 2682
8287 1799
3011 58
9099 7627
2025 390
9483 100
7398 7002
1348 66
2137 660
2842 9947
6217 9069
8684 3680
6141 5810
8053 9918
7697 9731
8472 4103
2413 6760
5902 1776
3170 1354
5755 5195
1744 5238
1647 5494
2241 9347
5560 4378
7 4754
678 2576
175 9362
6256 6317
1524 4309
2587 9221
393 1059
9677 9158
4171 1931
7287 3693
3285 3042
5240 1381
4633 3239
6875 3226
2586 8787
3956 8946
9894 986
1522 69
6700 4131
2738 8224
4792 5325
3798 5185
2737 3475
696 3260
5406 7983
3306 5044
7377 8546
6425 2010
8138 9653
1588 7076
8440 1897
6022 8334
2883 3897
4756 9584
8028 7494
4160 2820
9172 7958
4358 1909
7785 5054
1521 9544
9389 4827
4588 6766
9726 1013
5129 7864
666 6717
4940 5459
8614 7315
145 7850
1212 4901
3786 5592
2396 7946
4764 1568
2257 5474
9829 42
6880 1350
9586 6269
2530 4174
3036 2256
1540 4517
120 8558
7586 1412
4017 2553
8727 4163
403 6291
5416 4189
8235 4164
8487 3000
5732 744
4826 1913
787 1707
9616 373
7976 2146
900 7364
4402 8792
1881 874
7350 5820
2286 7720
8373 7366
8235 8776
9 3651
9317 4597
7816 7804
7597 9900
8549 8775
8166 5688
482 7782
2413 4811
6280 3313
2175 682
8457 409
7908 2160
6229 6546
9880 954
264 4467
6082 274
4470 5399
4871 8638
9555 8820
8539 8104
3947 3057
3792 4430
839 6206
9241 3471
5871 7768
4153 681
8177 2061
2841 758
8607 9073
1712 8872
3540 7794
5498 4362
9545 6721
3001 9101
1893 7892
3557 5840
949 7350
6622 8140
9908 5863
1611 2131
3632 2116
2812 8161
529 2005
5272 5488
1078 3336
712 970
1131 6210
5333 7028
9283 4686
6129 7528
2578 9687
3369 9879
3389 6343
8019 9649
2207 5982
1780 2191
8098 945
6704 8627
2950 1976
4115 4029
5313 1180
1351 2796
7390 6684
9824 3026
1370 2306
554 300
1993 275
179 1734
6619 8198
1383 5178
532 9515
7369 8630
460 4073
3609 3411
2402 4077
3792 7715
5257 5143
511 8999
8180 6687
8377 5902
8993 8932
6203 7338
5559 6382
9072 8530
933 455
3708 1465
6323 7429
6448 6783
7855 6409
6546 257
486 6690
4324 2095
8186 1187
7447 6366
7874 5824
2268 6868
4756 4823
4206 6668
7558 9631
5198 8491
6438 5259
6308 2761
9040 2756
9545 6895
5518 2443
3504 6004
9134 4180
4452 7320
5367 1899
38 9594
7723 8658
2814 8832
3482 3372
5500 7392
3003 7050
5883 9442
8661 8543
2203 7702
7652 8100
949 3170
544 806
5526 6030
4986 9978
9702 6706
8229 9740
6300 5953
4750 5466
4785 4584
8838 6637
1976 1842
39 4211
7636 8701
2755 9839
6403 407
7940 7352
3577 4836
8158 9103
866 9497
5434 6920
2555 3663
6660 5207
9616 7762
673 753
2347 9511
3742 4323
7705 3782
8535 5341
8835 1290
5181 5238
8049 9473
8942 1626
661 3453
7081 7879
9302 2515
4799 1857
6179 7811
7064 2147
5573 7737
9253 7920
3600 9347
8596 1306
9481 3483
6647 8316
1125 8180
9906 9174
4005 8849
7152 4666
8654 4233
8897 7956
6749 3696
6165 9280
1507 3229
7779 3433
7318 3384
1353 918
2732 6301
8576 8565
9784 1576
6882 909
6108 6788
6435 6466
1989 3587
1132 6995
7821 6382
4951 922
78 1116
6554 7938
697 685
1371 4367
4070 9076
1638 3154
5378 214
1719 1514
8142 8601
8776 4251
1742 5211
717 83
5151 8201
7079 2972
4583 8382
246 1014
5851 3152
8952 6548
3837 323
7268 7907
9399 8906
1061 1129
5472 9133
2644 3615
7734 1420
4218 5828
2983 1287
5912 8134
9488 9343
7458 424
7725 4056
7790 9928
7208 6742
2829 7398
3417 97
5305 9168
9003 2719
298 4475
8204 9294
4442 5938
7066 8660
8119 49
9947 383
4536 5788
9726 8346
2564 3803
2403 354
3732 5963
3448 2913
3361 6865
3010 5019
2385 2013
4090 9035
2840 2294
8329 3635
4584 5395
2295 2703
1797 8595
9438 2685
735 9164
1031 3299
9320 9786
5 9404
5750 9805
2317 5463
6670 5327
6834 5407
3692 924
4443 2884
9570 2772
6519 507
4520 5167
3210 2669
114 9001
5354 849
4517 2737
500 3837
2524 6857
3241 4626
6662 1910
89 9684
7237 3276
5091 7281
4200 9534
6518 123
8659 3037
630 9531
4556 192
2200 4670
9193 7554
1871 3711
291 2371
3900 9167
9228 3494
3793 2242
5404 235
1926 8994
3511 7018
2627 4063
2904 9145
538 7915
8535 1168
7446 3091
7713 9646
7762 6906
3552 9633
6969 3844
8357 870
9363 3937
4364 3157
6180 6120
9744 8106
5114 9607
1476 7742
22 733
3239 561
8648 1774
8081 2447
4866 5794
2093 8980
9053 5646
8613 6022
5842 3322
3244 1557
7260 3960
1066 3440
81 810
7898 1547
6769 5727
5641 6792
2812 8881
7353 7812
655 5434
259 1873
7581 8705
853 6634
703 9467
9008 2897
2789 2253
4454 6401
2565 5521
9841 8998
2683 4092
546 9453
9819 2539
6245 2631
1420 9950
6795 8428
5384 7055
301 9317
5760 1155
5951 6463
6974 1312
5712 6115
9917 166
2517 2482
5687 8710
1481 4723
2802 8379
4176 8973
918 421
7956 8691
6723 4752
3471 8459
1807 124
7777 3919
1279 80
6734 4605
1392 2446
721 1309
8964 9590
144 1004
8300 1625
5727 1103
6356 9903
6428 3626
6676 4385
8669 3399
9137 2140
1858 7296
2265 5987
7567 9896
6068 653
854 7460
9451 1575
8770 8415
7517 5266
9419 5817
6891 1498
3272 9599
7753 6053
9577 4429
438 8247
4180 5927
6739 2391
9575 5356
8378 7142
1605 798
4147 2459
8259 3598
386 3381
2013 7903
8647 7785
72 1890
9283 3345
7841 7037
9398 7418
7818 6188
2017 8351
2115 8757
7094 1690
465 1824
5184 2070
2623 9331
4529 7234
9281 4915
6967 1294
9170 5614
5431 9243
3856 1067
8940 8049
4456 4690
1819 2274
878 3837
6977 9345
8946 4071
7387 9411
5896 2571
1482 4871
8254 2363
2105 7535
3631 9072
5181 2801
1038 6965
2044 1246
8032 984
9295 2488
5674 1114
1114 2904
1303 8092
2249 249
8515 9636
9661 4411
8559 7495
5634 3165
6210 7739
7052 9841
6811 2234
2643 4201
9199 1039
5447 3583
2024 1094
2423 4050
8561 3537
6955 9864
7981 5556
114 6497
1545 6127
7260 6456
9974 2895
9622 6184
6986 6674
2378 150
5260 5021
4351 811
6060 6151
746 4436
3597 3169
8487 2158
6707 1794
2023 1040
7350 2137
3889 5247
4616 1150
1704 4590
397 7678
7126 7383
704 9504
7533 5965
877 8237
3128 3290
740 3875
7726 4337
3396 2565
6496 6455
4359 8519
7496 8062
7008 1385
3309 1624
8887 5013
2566 9284
2691 9692
3020 3396
5549 6905
5713 6426
1494 5193
9716 2234
5420 7443
6572 8817
6360 9420
1624 720
7939 9120
8782 1299
6858 8443
9275 5745
9809 1841
1382 2500
7885 754
2248 3434
4011 4313
9861 5506
5859 9577
7740 7631
3372 664
6448 9733
84 4425
6805 4375
3545 1939
2026 6755
382 1301
8853 191
9494 6587
9044 7380
7341 7644
814 1352
1958 675
3210 4169
6605 951
1800 6329
7967 4601
2414 4404
9026 9219
5131 8923
1158 7158
5679 1541
8459 4532
8084 7954
7471 7128
1686 4812
4773 2500
2516 3083
9528 5727
7252 2485
3030 5404
8814 997
5 1229
1753 9031
448 6885
4307 7959
4043 9986
5852 8854
870 3936
3160 8341
1065 4846
9505 2190
3699 2021
1625 3227
4100 8877
5712 7130
633 878
4480 639
2107 6233
6022 8908
9470 329
3219 9865
6667 9071
8720 3889
9359 8232
8582 424
3079 4439
8966 3130
2813 591
6357 6913
5820 8421
396 6454
5651 1228
3445 7759
7461 5819
3019 3284
6149 2590
3149 9168
1661 8221
9410 1020
6454 4344
7797 5885
8784 3115
9015 7949
3707 1724
1214 5879
145 1610
2333 5796
2838 2130
9907 6652
7950 9278
9936 451
1868 9437
5971 9881
7659 5381
7254 4113
6078 5051
9998 1214
4518 5365
9163 8225
7089 377
4105 3586
1988 2790
5734 1178
4921 1994
4182 2871
7624 470
3322 9493
9908 5645
5726 7567
1027 2980
8032 7105
4383 4382
4671 8902
9747 3834
3479 3188
4211 3936
6774 2551
6727 2508
82 8000
854 4264
871 8479
4735 545
4324 995
6190 50
4914 3569
9383 2946
7026 118
7328 1697
5372 3427
1883 8852
6615 6095
2788 9741
4998 5867
2249 5080
3867 9456
5697 1090
7935 432
7987 2259
7779 530
8661 2693
451 8044
1991 7478
8163 5671
5527 3535
9098 7411
8739 2065
9858 7880
1806 4856
3747 407
6289 3967
9863 1986
5057 7798
8770 9397
6409 6549
9927 5071
5594 378
9467 7585
4208 7630
3256 9736
7518 2354
3499 2609
4419 3357
489 6225
8213 589
6632 4502
4556 2848
2840 5965
6998 1610
5362 3408
4511 1641
8479 105
8372 7946
7690 2580
1929 946
8668 5799
3300 2167
4760 4071
5524 1602
6648 90
2191 9633
4592 3099
2481 3785
5416 9479
5395 7131
9239 9907
8772 7718
12 7144
2017 7703
6077 298
5001 4745
2449 4654
6913 7209
8725 8789
8811 1726
8879 7354
1359 3472
6805 192
3609 2222
6023 9004
5705 5263
5263 4477
9333 5276
7974 7702
9331 403
8000 684
5148 6801
5338 8413
4011 416
7203 9174
2142 6082
2881 9853
5906 9686
45 9515
8260 2420
8520 3965
7683 135
4795 3369
5411 9121
1071 1094
9524 5424
1779 4672
2225 7117
9438 2588
3885 6641
8115 6027
2723 7348
5880 4982
7034 2277
4497 1647
4698 9369
1964 2381
9505 6759
5750 1268
5880 3174
8715 1756
8598 6846
2781 7175
315 2219
6116 4201
8860 4231
228 7935
1579 2461
9269 4965
4738 3767
2964 9436
9488 4929
8170 5345
8040 272
2966 3921
3446 1681
2029 8396
8527 4810
5572 5194
7029 1688
9395 2241
2271 5976
177 3850
8437 9446
5167 3175
9565 8132
8964 5406
3061 7134
751 1101
7406 3717
1374 7205
1750 9756
5601 6629
4566 1173
1824 1596
9213 7571
189 1484
3547 366
1686 1984
6165 6854
1512 2082
1338 476
7488 751
3962 4592
8204 7720
4661 9579
4925 6412
9335 527
9393 253
8052 7569
8201 7266
5141 8391
5102 8688
5109 6789
7025 1274
9995 4889
9709 1333
1717 3549
2084 2031
8141 288
9751 9155
6219 4677
1919 1906
5204 1312
2160 3256
8882 361
6874 4023
8752 1977
9063 3862
8766 2440
1488 5113
3681 7549
6446 1750
1099 4882
3781 5592
5170 3533
4747 7742
8210 6666
9648 9766
4331 8160
9374 3213
8522 6249
3588 3626
4578 9003
3840 9696
7796 5329
4809 7829
9230 1255
9580 329
6137 9713
2274 7659
3246 3373
5401 7808
6392 1402
7574 723
9562 6949
288 4436
9550 228
8063 4128
9231 1903
3824 3379
3584 8633
1209 2815
6240 7141
9496 8729
6854 1770
6388 101
1496 8142
4261 7888
5896 8188
4963 5458
5137 5251
9895 1039
5479 7958
1519 1062
6213 5343
4442 9798
328 2003
2613 6568
9144 2109
1649 2350
232 4389
8803 1728
2531 3065
5968 8427
1253 931
238 2742
6182 133
3781 8013
4443 5300
9075 656
6995 9869
6806 7323
8224 5771
243 3720
4233 1892
6071 4465
6281 4874
2545 5165
4291 8513
9944 5544
5796 6534
4638 8330
3019 4771
6343 7462
6423 1770
4471 3418
7992 7629
7093 2568
3401 3688
6289 7634
5580 8712
2099 8214
9938 996
9731 4230
5861 6027
6126 1657
2562 765
9987 5581
5536 2682
9396 1960
804 219
1730 8796
7848 8824
1365 1249
2512 4006
8883 4445
2718 7334
9011 2656
4682 5094
3238 543
1121 5717
8552 3683
6482 4891
5617 8370
7573 5013
6682 8378
5232 8413
3526 9432
3589 1243
682 2453
5249 9565
3250 7967
3252 8613
6976 7934
3707 6566
8478 4829
2283 3382
4864 5117
8274 6833
3488 2199
1846 6522
6929 3430
1287 456
2863 4876
1699 9897
3682 6949
9462 3284
1268 9066
1898 4596
7001 5605
7515 1831
6786 9798
5213 8003
4916 3487
4836 4756
2039 3035
1278 8968
2817 2566
5776 5680
3794 3828
1929 3828
777 7744
7113 8397
6810 9011
9346 3811
968 6861
5642 4107
3011 856
2110 4279
695 6946
9035 9086
9981 6666
8055 2799
9232 183
4831 9378
4011 6761
3207 1140
4505 320
5890 1315
5683 5236
1479 3003
8449 7121
7110 1460
4329 9220
5740 1377
2519 1127
6815 2500
7793 1222
1651 3377
1406 6483
2756 5417
9596 5963
6558 453
2635 2448
8120 4670
4036 9599
7673 8837
3073 4784
297 7402
356 2389
5131 2875
3517 1947
1728 7662
3169 9731
1040 4575
6214 148
6345 2162
6111 9255
2615 5098
8055 736
9768 2091
335 3793
928 9760
4929 7577
7163 5286
9967 8646
4513 9836
593 2593
3850 115
2325 4890
1042 4891
5038 7387
7054 7501
6642 6021
2599 4697
3109 8719
3140 9797
2513 420
9557 7442
7998 3072
9080 4317
1719 9946
505 8664
2539 4355
8779 4864
9246 6174
6108 636
9913 3162
4490 2908
5535 7089
3957 8645
2161 7098
8442 4674
3870 4351
8468 1868
7424 7549
2537 9143
7495 3042
4159 6386
7398 2939
1251 2996
5465 7359
9984 5378
6873 4474
8286 8760
7916 2244
3757 77
5694 8551
1103 9564
2903 9571
7785 327
3472 322
5822 967
3365 9981
7354 7115
9272 4957
6463 4737
8668 6447
116 1893
7274 4754
653 5190
3350 4411
1619 9044
2962 2722
4961 2217
2293 2746
2544 2118
3068 8366
3085 2785
8348 6791
6252 7620
8100 2715
8710 3120
5515 8826
5013 2789
9932 2019
4331 3283
2782 5950
8679 2096
8672 3640
4314 7317
2738 6858
9435 2159
1577 8873
4944 6277
2016 1197
3897 117
264 2607
3237 5779
7785 4603
4920 4070
2974 9251
3705 5756
5201 2384
7852 3873
2377 8518
7543 5115
5377 6978
7274 3306
5851 8571
9583 7868
6120 9832
4337 6384
8792 3926
8516 6577
8529 9788
6999 1503
9040 704
3611 593
3089 7816
819 1818
6334 8362
6933 8063
5340 560
1369 7544
9131 7304
1764 1603
7137 6101
4339 5929
6379 2855
8858 1261
8996 5858
9116 8036
6562 2728
4981 9651
544 5800
1469 6878
514 4755
4942 5855
5315 2663
9751 798
9968 1515
8753 7105
3968 3092
9386 347
2300 8244
7960 1296
4102 7077
5684 665
9805 665
6668 6701
2818 8138
9931 3332
9245 1225
5539 912
3889 1642
8062 209
3157 6815
7314 3477
6259 3052
177 8559
1296 8137
6207 5399
5214 8243
2416 1371
5261 9084
8072 8079
3574 8004
7763 2819
9229 3303
83 9470
4945 8145
9679 4455
1312 3345
4284 7572
6397 4461
2483 7694
8951 8691
9445 517
3286 1861
1889 8547
945 6313
2978 4520
4317 742
3691 9899
397 3775
9369 5342
1920 5401
6149 9585
8746 434
7157 1496
1247 9640
9190 198
4683 8635
716 4322
6848 8957
2869 7793
5270 5848
8665 5940
2942 2357
2191 3339
2484 7912
8681 756
3313 1183
341 8412
1617 7498
9908 2864
3491 5450
9415 4526
437 6483
8848 7285
1792 8070
1430 3414
270 96
9354 3212
8805 7897
2903 1289
5810 7936
2045 5475
9119 2387
239 736
6237 147
9953 6080
1949 5720
6959 2386
2203 2159
9671 347
229 1102
3761 6851
7550 9468
6415 6355
7365 9318
3996 9527
7255 2393
5003 6374
4780 5242
3463 7370
1742 3416
9802 3691
5488 6761
2430 4043
8921 2101
4390 5502
9555 8151
2354 3457
3971 8769
6164 1337
8088 160
864 5343
2554 2219
8069 3686
3814 1532
7408 1908
1300 7211
5599 6788
3972 4381
7183 9245
6483 1573
4748 2390
6077 7102
2200 48
2223 8364
7737 311
8525 8602
2006 7431
7173 76
7469 7339
7960 4878
9247 9261
2089 1199
2401 2413
5580 9585
1659 8415
7510 2759
7158 9939
9861 9358
9988 2084
7722 7725
8748 2599
2679 7106
6382 9853
7182 3852
3544 1495
8730 2792
7108 7171
3991 9509
5936 5923
5446 7595
4339 9309
6706 1497
9248 6567
855 9236
5004 4929
3314 104
3881 2345
7210 263
8550 745
4115 2095
2240 2845
4887 9348
6368 5230
5209 2305
1153 656
6252 1844
9965 2959
3341 5565
5878 548
1154 882
1830 4468
7338 5711
6813 4549
5974 5364
5294 90
7459 3886
9287 8698
3234 2008
3928 8443
4313 1433
5451 565
3278 1768
9876 2971
7334 5755
9872 8488
2989 1702
9308 328
3765 6121
1229 9739
7837 2875
6181 1648
6761 1821
346 9995
3829 626
4790 8142
2060 242
5059 1690
2010 4936
4661 9344
7043 885
4184 32
2587 3492
6712 6352
5966 7941
2444 3803
816 8625
5452 7577
446 2150
3924 627
2777 8715
5121 1189
8957 181
2879 7319
1469 3892
3016 4864
4778 7200
4896 3717
693 1609
70 6659
5902 8866
6814 6719
7491 8618
648 4290
769 4573
4917 9898
9640 39
7439 4949
6572 318
2268 4393
562 1636
9257 1692
8837 4153
5410 5882
2114 1832
8893 8017
698 2059
1088 4541
678 1736
8831 7799
2661 101
4049 2301
140 1488
7250 6712
8158 5871
1105 8720
7507 6714
413 2696
867 2175
8578 9334
4007 3823
7351 4705
5883 4791
5598 6561
6527 4430
712 9189
4531 4761
7842 1023
6249 1445
7735 4407
3668 5192
9479 7527
1906 9892
224 9125
8419 5154
8459 2426
8978 2162
3483 4861
6953 9082
7774 9833
3512 8486
5374 4395
3247 3216
5418 9496
1013 9505
255 4681
1049 9734
2209 9307
5979 2433
8432 4398
3939 3244
3177 2917
5406 6660
4130 8712
5742 1904
8545 5606
390 3919
6353 9989
3487 1771
5837 853
7628 6092
5534 8677
5827 4095
7984 8158
2880 2769
2556 6820
6013 5733
9737 7771
8746 3868
2835 4488
2124 7732
6447 2515
8003 2800
8856 1491
924 4694
2344 4904
786 4230
3582 2965
4678 7918
1123 7558
7039 32
4378 9404
2117 468
3528 863
688 6363
1704 2812
4096 4503
1679 8451
7303 6888
9942 4579
1582 8638
9484 2368
9221 9418
1686 3899
7336 2809
7809 728
9193 8540
132 1311
9008 3660
8526 6048
6376 6582
5212 6824
1085 3244
5275 4741
132 1570
9320 1714
208 5156
434 5781
4574 2120
6032 8263
1282 3842
8991 6827
2382 5475
4490 7742
9136 3017
3790 1864
9599 9002
8688 7037
2246 3963
1778 8730
5533 7450
444 2094
2607 7231
4227 3533
9351 260
1796 6985
4102 7139
3813 6484
2615 8303
4226 8103
7672 4368
6319 3624
9722 5007
661 8321
5322 2439
7051 7208
9889 7496
5654 2496
1079 9881
6030 6782
141 4178
3768 595
7670 3933
3431 6637
8588 4009
1092 2613
8377 7411
6237 8100
8770 6898
6421 4092
9337 9824
7652 5578
7320 3306
4427 4751
3188 6809
1534 9681
987 5302
277 5009
5587 60
1646 527
4070 2738
3140 8799
6501 9377
3251 5271
6275 6024
5716 1964
5849 3368
7543 9521
6675 1970
4273 6215
8779 5807
5896 6118
7461 2525
7480 3048
8938 9126
3575 3008
8217 6716
8159 4718
2445 1411
6342 8721
3787 8410
7037 9636
1778 4580
9158 4805
2902 9783
1020 8033
5590 6917
504 3051
5794 7984
2451 4732
3462 2378
4092 1679
5446 2252
2750 7892
15 9092
2965 3802
3854 2
3439 5632
935 8949
438 3837
8732 1458
8223 674
4727 8727
77 6874
3063 8880
1606 6525
1258 2051
4557 3057
4303 7307
7301 670
2751 6618
4472 6605
6620 4263
2237 3907
3212 9027
4097 8296
6838 2320
8970 7917
7399 5399
4791 6814
4279 2750
3339 1890
4801 7896
4947 5456
1555 8600
6126 4306
5218 598
911 8190
1214 9501
2098 4426
4880 2547
9075 8070
4867 4397
5988 8618
9797 7131
5432 4076
6233 5123
2318 7386
9372 3617
2842 927
2217 8968
1586 3787
5919 2497
1978 7133
8350 428
7911 9583
2975 6986
7653 4194
7736 9993
9164 7533
3477 4596
7961 9710
6071 280
7097 5443
3897 6291
2723 2467
5260 4309
6254 7531
3158 4584
4664 7861
5012 2575
7444 7987
5914 1449
8533 3650
7795 7697
7535 1272
8645 1848
7334 4717
2128 783
6512 2378
7075 5587
1197 8687
9896 7451
6218 3055
8388 7234
7268 3400
6161 4712
7740 2075
2513 6273
2077 308
323 9612
7932 8968
1461 5267
37 9941
2402 6550
8671 9477
8489 9868
4516 8386
3672 7086
7793 2060
4320 5061
1812 6834
6125 5904
8909 8638
2178 7339
5299 8853
6951 3231
7821 4764
8498 7859
1058 901
761 9729
6730 9250
5950 7599
3988 5974
4685 8133
4386 5358
3194 2550
2192 5671
8455 7453
662 6985
1144 5961
5838 4448
9192 3659
9212 4043
7870 6622
1296 4983
6352 8026
4234 8654
1977 4574
980 3015
2708 5366
8373 2254
7916 6917
7926 6371
722 8588
3356 1867
4549 5546
6315 93
9206 1879
4136 3428
8502 5432
8412 1206
9811 8998
6212 8140
9924 7192
1155 2632
2558 9528
4887 6826
2797 9165
9550 9872
4105 9258
1739 5006
4805 4406
5099 363
6285 5588
143 4787
1020 8555
2345 7183
3905 8557
5324 3830
5749 6479
6462 4659
2360 7701
1486 1509
3218 1036
1381 7323
6646 3120
2329 1451
3878 3781
8166 164
9369 8310
1303 6741
6865 3649
3925 7123
2206 5601
953 7956
8432 3767
2615 7144
7821 453
8654 1039
7841 35
4715 4488
9508 3396
5939 3386
7177 458
9902 6546
8768 1206
9640 1985
4855 9917
9108 7061
5518 6413
1369 302
181 3985
7447 4354
4438 6101
5393 2280
2488 108
6768 1996
9857 9059
1735 7034
5869 1637
9933 4637
2843 9573
2975 4050
5842 8435
1112 1360
4849 2481
1662 1382
2818 9109
5736 7257
1562 1129
5889 4051
7590 9009
2399 7447
4420 4134
833 290
2124 7118
1279 4967
6691 606
9018 2533
9042 6482
245 3891
5315 8260
5273 8134
3721 1009
1743 5284
8490 3984
9335 2432
2993 1734
6231 3765
2221 7065
407 4345
4183 1687
5664 7227
2293 1034
6112 7687
3868 2710
1578 9184
7322 3203
7318 1043
564 5413
6327 9055
9397 2014
7839 2390
101 4071
2507 8674
7488 2915
9371 8023
954 5035
1602 9599
2422 7715
7287 6290
6777 5217
5474 4099
8421 9144
5142 8985
4557 7822
4392 306
6188 2232
9048 2641
2655 1556
1315 143
4471 686
8166 5425
2074 9769
1376 4496
3836 8663
7138 613
3881 8965
1064 8654
4461 2558
7639 9019
380 8384
5677 2921
6968 4726
5562 9623
6282 3230
9766 753
268 4284
2530 2342
4053 258
3190 4241
8922 6681
1206 9155
5646 2270
7809 107
1181 1800
5478 7913
6536 1156
834 3504
5882 2749
3127 2164
5979 9245
9269 6247
3530 8151
4942 3935
8409 4484
4529 3683
1165 5735
2838 6811
4358 6999
6919 5539
8800 8749
3452 1688
9905 639
5193 2139
3388 4672
4303 5719
3918 9924
1966 7448
4427 3260
7735 2837
7745 2264
6520 8910
4352 5711
2074 8710
2710 5345
601 7862
4094 4053
9551 352
1044 4744
2491 4432
9416 3147
151 9686
3071 8470
3486 7499
1730 1222
6688 5827
9838 9560
4738 4190
5271 3164
9252 7982
8509 9853
2196 2603
259 1747
9307 1303
2843 1799
5736 8612
4946 2239
4650 4369
709 8137
8220 8792
5711 1260
4619 5549
821 5709
6092 6092
8873 5344
426 7382
5198 8975
6338 5457
722 5645
6760 9918
3796 8848
4882 5094
1088 9532
5816 8149
7669 4036
6941 3380
1649 7913
5282 2470
3622 1374
4914 2496
6718 5341
6230 1916
668 8920
3725 1390
918 486
7660 4714
5686 2542
6161 6774
8427 1977
1276 6096
2365 8217
5829 4014
6130 7463
6484 6105
8837 7751
4953 1907
9444 1183
3824 112
104 7549
7854 7374
4387 5515
8440 74
4409 4601
3200 2836
2930 828
5285 5296
9046 1114
9310 1528
8577 2147
3985 3766
9898 8938
5673 9342
122 5849
9454 6578
9751 7308
304 4138
9175 8744
564 3585
3346 117
2773 6276
945 8058
7924 6343
5524 3587
4224 453
5734 8209
4219 1984
3500 9893
7678 9974
2094 7132
6552 1845
792 3208
2336 9968
1952 2900
9905 1650
9369 2678
4279 315
7089 2203
3010 2613
5790 3586
3067 7876
1796 3638
6212 1648
9883 3890
1622 1978
7374 4526
3823 8167
7734 6159
4487 9686
5412 744
1337 4781
9774 1968
1448 6863
4171 811
5829 6314
4397 8896
542 2545
8886 6755
4193 8770
645 5815
748 4372
341 4571
2539 8075
7083 3378
4114 2495
4122 1803
7276 248
3771 5077
7112 4294
5888 9293
6960 285
4541 7503
2831 3427
610 3376
2197 7607
9192 9297
1979 5885
3869 4518
3961 7304
4248 4427
9799 4722
6230 3427
4971 1
8504 8435
647 744
7728 7608
1030 2269
1463 213
5696 2073
3589 4246
6032 9133
3543 8012
5019 3764
8882 5332
1068 3131
9759 7219
4205 5989
647 9176
2342 5503
3963 9341
6248 1691
6949 3630
312 4764
195 2361
3189 3784
6607 9222
9270 150
7234 4289
267 6116
5973 1335
5599 5732
4907 9805
8073 5554
5333 415
7409 9297
9756 3657
7340 3058
3639 4005
7822 3834
6366 1012
3971 9325
234 3241
5827 3820
3882 6094
6288 9855
3782 1888
5587 8689
8045 12
595 9730
427 8004
5379 6535
8014 9072
9593 1653
3077 3768
1840 5795
1132 5811
5120 7718
5404 947
7890 9286
7042 4178
5493 824
2418 7432
5865 463
7444 6460
6546 4223
816 1925
758 8830
997 6704
6836 426
6824 8676
6221 7956
839 1341
2026 6243
2289 9916
1881 9331
4094 3726
6507 6513
1158 8724
3328 4954
5184 9874
9177 6000
8152 9935
1183 5501
2991 8019
5928 9815
3047 2149
4123 3886
3491 6149
6481 2132
2417 8362
7815 6512
2088 674
9377 9598
9398 9057
4552 4582
8932 3729
6934 3436
16 4469
8937 9360
2488 4865
5527 1887
3367 9651
5773 3210
2152 2254
5342 4570
6968 9509
7434 9056
183 6811
5006 9581
5868 9558
515 1152
9639 3801
4588 6008
8271 9878
5368 7111
1095 895
8999 4462
6898 1124
7672 9051
3379 9366
3621 347
5227 7407
5756 5410
4218 762
1343 6438
6673 8210
3943 6312
2012 4883
8672 6635
4761 4040
3746 5857
4936 9097
6671 8186
222 696
7237 3601
6414 7210
300 1642
4617 2408
3404 5187
3171 4748
7978 6196
2958 1921
8860 1322
6804 7533
7957 7918
1573 8056
127 2861
7153 3150
1048 7375
3846 4637
7328 6613
1848 3981
8255 2817
6389 1659
8005 5912
2759 5983
2108 5718
4256 969
3392 7412
8502 1350
1682 6427
9406 1809
5641 6559
1312 3041
287 5158
7678 7615
1771 9526
1596 6378
2344 7986
4390 6701
250 7149
9036 2359
9219 3292
9680 2612
704 4534
314 2387
7313 9720
548 2954
2631 1860
5995 2918
3371 3674
6886 1494
9552 8482
4225 8248
2820 8615
4949 3071
2116 3985
1782 1336
7277 1462
300 4334
5996 614
3073 3309
6686 9973
2616 9317
8186 8611
8588 1557
8637 5474
9403 8190
308 3628
6438 3129
8595 1388
6200 712
1725 4334
8400 5355
5796 5052
9689 8144
2018 9114
7805 8704
5439 421
4373 3625
5385 9313
1534 4022
4787 938
8564 5096
918 1355
4577 5866
2743 7129
2930 820
1463 1330
6175 3611
2734 2216
1755 4752
7682 5912
9808 3122
6334 4181
6747 8071
9847 8282
8445 4634
5572 7010
6082 2842
8365 7011
5060 7460
4140 7990
4632 1955
9320 808
5566 2054
9376 3673
3158 7059
9586 2966
6533 2272
3500 3280
343 3347
7914 5140
4333 9838
2150 416
9033 6867
3779 4093
679 4272
2084 5312
6227 7756
2472 8146
6163 8200
1819 9321
1611 1405
2288 8144
3677 2140
7777 372
5487 2043
5513 9820
8234 4015
6588 7267
7235 368
7712 7914
4640 9796
9578 7219
3905 8402
5365 68
6603 3537
5741 4566
4942 4381
2711 4972
6521 6840
5344 8360
8883 857
8181 7117
1225 4769
736 8460
1489 8449
6374 2481
4597 2305
6053 4854
707 1418
1274 3662
4955 7016
8229 6250
7749 7292
1222 4271
4132 2918
8983 3015
128 7164
6485 1353
8286 7221
9813 6127
2022 2539
8609 2972
1196 4662
7826 1904
2432 9101
1918 3740
2469 6499
9990 218
3791 7564
841 7923
482 9825
7291 6962
3341 128
8315 1627
7349 4480
7755 5724
3372 2716
8696 4568
3730 2874
2824 2514
1975 4743
6254 796
7594 2596
1015 1386
6512 8208
5661 3347
8033 9304
309 1375
9432 8625
9354 3134
9457 3461
5210 2829
6177 3906
7398 6259
3132 222
8774 1460
1317 1380
2256 8912
329 9623
298 6841
7832 2311
188 2217
1616 498
3592 7400
5475 9299
534 4932
2760 5744
7762 5290
6002 1512
1549 9135
1734 323
595 9404
8056 9203
8316 8385
8827 4966
5226 6659
7277 5415
8876 5245
2265 8821
2646 4092
8120 9532
9024 7232
1629 3138
2522 7631
4650 4072
3118 2737
747 65
2141 8803
9269 6809
3540 4448
1775 8767
1107 5404
534 6335
650 9151
1508 9648
3243 5980
5532 2267
3213 7161
1758 5735
4793 2760
9807 4263
5497 6907
4329 3990
2062 9950
799 5603
4398 8926
4370 1857
4331 1256
4544 1333
407 6053
7333 3650
2033 2865
2269 5246
27 379
982 1172
3140 7141
1787 4989
400 6116
5332 2463
2418 2483
8066 6816
1410 8788
8673 2093
6396 3218
9778 3155
5623 7111
6805 7656
6328 5426
9255 2707
5806 6589
231 5298
82 2019
287 483
4487 5619
9298 6906
8103 3716
3722 5865
2504 8748
7958 5252
8318 4088
8407 3941
1199 1564
1597 3879
6990 852
6587 9148
7441 3170
4446 7524
5189 1086
4359 9677
3057 3657
6583 7512
7373 6657
3377 6229
5405 7687
1481 3723
1775 6240
7664 9326
7804 5614
3206 1146
2818 6145
6647 6612
9315 7445
488 4505
8531 4847
534 1589
4856 3469
9101 2229
126 8831
4810 1884
6518 2643
1959 8294
8883 5976
7620 3039
7942 7178
4185 760
3323 832
3724 2639
8278 4212
3496 3161
5411 4030
1102 267
3851 204
8848 329
5387 3658
2213 1905
6301 525
6551 1536
2853 524
4575 795
7702 5113
7907 7378
5945 1632
6369 575
5844 9865
3737 1256
247 4839
1523 4098
1395 6724
4427 3134
382 2993
5040 3036
9870 7943
924 2723
4819 5500
9870 8874
613 7777
6252 2910
9409 2621
9838 1606
8838 3575
2862 9085
4766 737
9535 2514
7461 314
5648 4196
9659 7040
7232 5881
4984 8156
8604 9803
8 4826
8677 6973
2604 1281
6236 8365
254 6074
9971 9092
9649 2833
4529 767
9923 416
3281 7384
7083 8930
1580 3094
5970 5164
8976 7306
9673 3932
3462 6033
8759 8491
3007 1363
9773 9243
6080 27
5317 6052
5472 1318
8885 6353
2085 8808
3122 1719
2545 205
649 477
3299 2971
1994 8627
278 1667
2560 3740
7700 1319
2231 7059
9034 8356
2654 5114
4736 4323
1166 6560
5641 6404
2913 4079
1564 2387
2150 461
8944 2799
939 2244
2122 2933
871 2400
952 9783
2492 5004
1102 1076
8416 6488
9432 1070
7955 520
5394 9121
7080 7387
1877 6346
7818 9794
8733 9968
255 7678
9119 7546
6274 1242
6831 3497
9994 7783
3281 8839
9140 735
9915 7556
7224 5699
8626 5179
6220 372
652 9652
7760 8882
5998 5578
8676 1084
5547 5283
5114 4666
2830 7740
2260 9661
1237 2255
3797 870
1094 2937
1606 7361
493 5182
9412 5471
6713 5632
5844 3717
1637 3604
2599 7635
5534 7627
5071 7433
9263 185
8452 8445
7925 712
8106 5515
9319 8255
6385 6765
1192 4343
4126 8037
5877 3539
3509 2590
5523 9353
2660 7160
9309 1611
1148 4843
5591 6219
2277 4854
2757 7081
3299 7034
7793 7757
8901 7113
6013 1639
230 3557
2334 4357
7947 8212
4248 1456
7154 9771
7161 9814
3284 6470
7778 4432
7665 3369
7003 9942
8223 6112
7023 7874
9499 1169
5631 8400
4634 7996
6391 4864
1554 8726
5573 9501
6938 9821
7309 444
9593 4470
6611 9229
7292 4389
13 4957
7758 7016
1252 2333
9481 8275
207 8980
5796 5838
3732 430
187 6476
1647 8093
5202 7220
7594 8492
7042 1255
8936 2987
2077 5547
2216 9369
9936 2229
4326 4046
5597 5578
6379 5078
206 6586
410 6002
8777 495
2785 5316
6971 4432
3409 8525
1652 7355
7017 8694
8610 2305
8033 687
4205 249
56 493
8830 734
4540 4428
6313 7271
5858 2871
210 2621
8873 8987
3116 8010
655 6439
2442 4064
4964 447
1419 8333
5493 29
6990 3527
7068 1195
128 3476
1689 8959
4210 2581
9739 6875
9852 1949
9746 62
4570 4972
5401 4038
9334 6056
6829 8129
120 8145
8576 1539
6478 421
7920 3469
3948 1340
1016 429
4816 9057
5740 5379
1638 5479
8606 1491
7428 4705
1553 8351
9677 3307
2389 5363
9363 9219
3492 9484
7364 2068
7375 195
2490 1648
16 2790
2988 1032
9571 4157
90 5311
5888 8080
7142 4494
9571 923
9199 7477
9274 5228
784 1663
592 147
7234 4084
5983 951
2505 9711
1146 1347
1359 7514
489 699
4898 61
1208 1340
5372 7096
9421 2515
7943 8992
9790 3494
2821 9064
8723 3605
7079 5667
105 666
6103 2440
1617 8608
2151 9115
6307 9862
6629 6797
562 7879
6858 1770
9220 8582
5219 8641
7449 3162
3985 7239
6656 6807
2655 1731
6764 9735
7398 6869
401 3502
9310 2018
8462 7813
7485 4770
7676 466
7919 4590
8345 1129
6360 7565
6063 7931
6206 3513
7445 6544
7104 4102
3351 9760
2185 115
5847 5936
3337 6248
9438 8999
4618 4252
6812 2103
5374 4488
2569 3293
5430 7266
4422 1791
4832 486
6074 7390
351 3520
3934 3807
3974 3637
3567 2511
3753 9414
8447 3442
2014 4237
2441 6632
8490 5605
5087 3864
94 4008
3510 1876
1275 4284
3667 2459
1122 6094
6201 1473
9614 6488
5281 9940
125 5200
2451 230
967 899
3672 9333
5136 2465
2318 9978
8071 7405
195 4517
7766 3705
6393 5393
4341 6413
4204 5464
2507 405
6937 8473
3245 8570
4765 9723
123 7216
9953 7442
4467 9978
6775 5956
2443 9093
5934 6866
2851 2481
1383 617
6186 7777
6010 528
4190 214
5992 3049
6971 9281
7874 217
4204 2639
9940 4327
6207 6245
8121 675
6223 4896
2983 5019
342 8917
1885 3193
1399 3269
3810 3937
7398 6172
817 7940
2738 3161
7341 9709
8795 5215
6278 2999
7854 2570
3678 413
8816 1799
7440 1391
3047 423
6410 3389
5693 4648
6582 3444
4269 6744
7381 8019
9268 4551
5959 2006
7712 3300
8068 6507
4867 4346
5858 9073
6917 9536
9486 2085
7687 6927
3476 735
7350 6239
476 9395
887 3411
2839 1508
6507 6573
9527 5776
1124 5486
4134 8836
5138 2202
1696 6357
2901 3906
5430 6170
3443 4916
4607 7482
8195 8083
4569 1898
674 5046
1293 7913
4809 4133
9421 1316
706 8948
3444 1830
786 7579
7018 2276
6133 5066
8633 9034
8973 4063
1556 8768
5332 6163
6250 3527
599 7172
5425 1273
8570 6719
9187 3379
7204 8608
4695 7910
3909 4492
6092 4695
2071 9462
6972 8204
4529 5605
3591 9854
6021 1499
8622 1353
7663 1224
4880 4614
8396 6658
5887 3318
9729 1426
6697 6933
6387 7745
1195 296
2237 3639
1343 660
3101 8315
8864 3982
273 8807
3836 6294
307 8810
3999 4322
6387 8879
8936 1135
1889 1175
4454 1618
2602 1151
4903 8989
5248 6098
9285 7485
9737 6980
8145 9191
1648 3362
9525 1921
2169 3362
4567 8828
8524 4918
9502 4911
149 8438
6047 2039
9614 6853
3657 8568
8004 8561
7557 3253
1011 3194
7090 7101
174 1588
6292 1822
4950 5817
95 3471
5531 1014
8652 408
5932 8154
5319 6082
2945 7718
8121 2559
923 8130
7479 5280
3043 5036
4885 4055
4582 1975
1156 4756
3563 3800
2931 4865
5969 9378
4689 1501
393 3341
8261 2677
1495 9932
5111 792
4003 9584
9703 4926
7715 7182
206 7110
2218 5091
1165 6800
7067 8673
7909 6982
8825 7192
1848 4795
6570 6537
2648 6963
6230 909
5993 4077
841 1104
4870 4844
689 4573
9771 4756
1756 9977
1866 326
5069 3032
3479 8488
8057 1388
1822 6883
4932 3670
1678 1502
6559 4326
4818 9141
1587 811
3219 2428
1915 8089
7273 8956
2662 3396
3712 770
3373 5579
1097 4794
4963 4576
9634 3020
2316 1457
6255 7248
1479 7933
8750 4391
8611 9920
3532 198
731 6751
8979 8999
1192 2604
7955 207
6000 8020
977 5725
9951 8426
6872 4914
3002 6506
4286 1670
7963 542
8918 5795
4827 4021
186 9791
3941 3718
6341 1025
6822 5320
24 4366
4276 4331
4573 276
8703 1903
2354 8654
329 9226
9920 9684
5732 4207
1354 48
1101 6625
5843 2280
646 6029
8423 939
6099 4765
1964 2921
6437 8340
3640 714
9024 8213
7342 7727
6468 9696
2734 3150
8922 2654
2834 1007
6861 540
1055 4314
7165 6898
6595 4163
9279 5018
1455 5378
6135 3419
4652 8925
8112 8292
9639 7136
2857 3333
1215 5678
3030 3949
8828 8304
6604 1662
9311 9817
8554 366
484 2072
3616 3431
6235 2895
8449 4042
4626 937
7462 9278
9862 1926
3922 5853
5414 6779
9186 6629
2457 2216
6931 1285
521 9887
9299 9832
6056 4206
6551 6540
6278 167
9971 8865
3063 4773
2908 7689
2062 6722
3319 1924
8648 7241
7777 414
372 6963
3395 2830
5532 326
467 2405
6565 6119
2237 2622
6677 5140
5514 2955
5308 1838
8172 4723
2963 1080
8764 5025
7802 2083
6949 2802
5676 4726
3216 6048
8041 6612
5230 3573
3290 2050
5978 9856
8169 4568
8830 4846
9708 696
4153 1368
2534 2325
2443 5497
3406 1207
522 7560
9642 3823
6715 5318
4901 9931
7719 2943
2895 2949
2868 2538
4999 5199
2394 9520
9767 7576
718 5827
8272 4871
3548 807
7197 5991
2656 6955
3551 9531
867 3193
3354 7582
4864 8256
3866 8935
7551 6761
1884 419
5651 3236
5618 8045
9108 1737
1973 9827
3917 246
4698 7465
7405 8247
3456 61
1554 7007
9592 2422
6553 9299
4 7769
7555 222
6704 5106
6984 8588
1877 2635
8176 7496
7033 7285
9233 9006
3464 3150
5604 8162
6967 3009
2762 424
9423 4316
3783 5367
3090 6688
4666 9447
4457 8573
9669 1161
31 3005
6102 1909
1993 630
5757 9026
7915 1342
4384 1379
4493 6341
5894 7812
5702 5008
8236 5125
5676 8372
493 8767
5060 1511
8214 5870
6437 4235
7031 6468
7241 3133
4729 9234
3764 486
4612 8031
1829 5348
5763 2674
1689 8009
486 7392
3017 5075
8869 5045
3447 5714
164 4859
7226 4730
729 15
8966 4113
6483 6207
3598 7565
5441 3714
8051 53
1746 9880
1753 3861
8906 3443
1870 9393
7187 1239
4468 6056
2636 4267
1771 2801
5478 8997
7531 2560
5364 6497
6673 1847
2704 271
9412 4497
3986 3816
902 2084
48 2656
5945 8955
2451 4167
8348 9638
1758 9168
5694 4394
9787 7465
7195 1617
2814 4727
4177 8178
7576 7202
6378 6633
3826 2142
1130 4164
5958 8385
6248 6007
1041 8545
1314 9844
9064 9662
9482 822
5182 5176
5216 1321
2642 2412
2938 1808
3491 3468
9987 1067
670 6365
7700 4496
8507 5183
8660 818
3568 1260
6825 961
9805 8139
805 5221
4153 287
6043 5687
1815 1260
3360 809
24 6298
2618 9867
9766 8957
7286 6789
5322 1339
7637 181
6522 6298
7351 6442
3910 4176
3755 68
8667 4560
5289 9172
1199 1333
1211 9366
8945 4571
176 5321
7222 9146
5188 6988
8103 2474
129 9777
3813 7767
9958 6687
417 3662
9481 4327
7838 3236
4395 2858
4148 6037
8382 1699
3722 9594
1066 2667
517 7594
4340 7739
6740 9528
1080 4843
8354 1209
4620 8520
5328 930
1559 5745
944 1041
6425 8783
4277 7172
7993 8426
3209 2727
125 6931
8673 7543
5950 9191
5137 290
3282 8229
6170 4362
3072 877
1924 4044
5749 3604
1327 7308
5702 2271
8349 2127
7406 8979
5651 1751
7405 5213
831 3882
2144 9504
7778 4447
5047 9267
1089 4682
7497 7260
9044 6921
8137 7320
7318 3886
7277 4997
7546 2979
3620 5896
1458 7379
1227 7109
5482 4984
2322 6313
8866 819
2170 2996
5266 7217
2264 6355
1899 6113
9967 7296
3034 4456
968 6704
4694 8245
1701 2241
7576 1674
4489 9034
9053 5716
2496 887
700 4818
7201 5918
1989 5723
8915 3607
2940 7531
9963 1192
9996 6282
4840 3030
739 2160
6087 5433
6758 4140
4026 4334
5814 8515
9721 1219
4231 2217
2107 1283
3387 5660
7202 5377
1383 2469
5336 675
0 1651
8219 9996
7934 3059
9378 5025
1572 1817
458 8330
5958 837
2664 8124
9352 8737
9344 9936
7306 7803
1219 694
3463 8421
2423 1198
890 7759
8225 7242
9411 6445
3590 3697
5856 2969
8722 7428
4786 9180
5758 7096
17 4775
5221 5722
3512 4565
5658 819
8720 6877
7865 8535
1651 6640
9733 8893
4399 7958
6136 162
755 9726
3859 6612
9047 2581
4040 186
8114 9799
7282 4483
926 2503
205 4438
3420 2215
1609 8492
5445 5826
7027 7096
2466 3112
5989 6866
1071 2125
7028 1826
8204 7240
4790 3603
9821 8831
3789 7935
4982 7424
2419 5908
6279 8976
6698 6052
1192 8308
4544 6637
4134 1572
3733 6601
4684 6074
9819 2107
4552 3199
286 9108
439 5076
2711 6613
259 6501
900 5241
277 3319
1149 6556
8648 7848
2608 9840
2508 3505
2829 6642
5077 2914
9595 6113
8988 5766
8221 9892
8966 8507
9000 5757
9935 1712
2370 195
4565 3271
5436 4842
2942 2938
7750 7942
7138 6711
7782 9646
216 6963
2640 1645
9877 8588
7758 5218
4354 5979
5110 9672
838 4111
5430 774
5823 4152
7321 6740
3775 2757
1582 6718
2047 5684
1012 9185
2395 8795
8831 8963
2110 1472
608 1988
60 4719
7206 766
7050 2316
439 7889
2779 5869
5015 8602
6373 2336
1694 149
1445 3276
3219 3493
5313 4231
2678 7708
9378 1510
3024 1489
9334 9984
3477 5746
4703 7035
6512 1754
5703 6951
5995 8483
9172 1010
3437 5546
9698 5132
2047 1143
4760 5266
988 73
9497 3667
4134 8876
1529 7158
6717 7215
3494 194
9313 8198
3581 5825
6304 9284
9129 2299
4119 4653
9661 7557
6551 9359
9041 8598
6854 3801
216 7843
227 9714
7862 4361
4942 5743
7871 1659
9310 1365
8205 8623
5915 1786
4448 2219
7422 9929
870 1542
935 531
5451 7486
6242 4492
2437 9449
8293 2653
3644 8520
8719 7858
9233 13
3601 7104
8024 2911
4822 6229
1534 737
4367 2334
2957 8142
8616 3827
9684 9551
711 5135
3389 3305
5979 5826
2754 624
4832 6398
5497 3551
4256 4730
9917 4209
8187 7941
7120 3009
4171 5006
98 4890
3693 3055
3032 2309
3235 9068
1860 298
555 1601
3603 6534
3780 6358
7159 8612
9108 2656
8515 9717
7386 8432
3926 1925
2726 7399
4934 6897
8757 5033
8139 2450
4440 7524
4759 4027
6592 2971
4325 7148
4573 4281
3682 8353
6991 841
3317 2451
9849 8184
2168 3588
2969 2447
5513 5695
9846 448
8944 8603
1833 7083
1054 2625
4607 2165
6653 7552
5137 7330
4700 6062
7963 4734
767 4954
1928 4084
7406 1777
8620 9574
5365 1589
8373 879
7284 8219
7679 6228
3175 5864
9664 581
8489 623
2746 1494
8175 4235
8825 2875
6649 6788
3962 7416
8095 5890
7852 5501
7667 6473
1427 3033
4414 9801
3912 1699
4372 7943
4279 7547
3807 3943
4480 2296
919 3579
143 9094
4166 5320
8322 816
2108 2284
8232 6555
8174 2437
2056 5841
8910 9836
5226 3324
9637 5490
1375 361
3433 2007
4261 3592
5950 8741
5889 6869
8672 2384
2316 2839
7704 638
7 6164
9274 8239
2720 7448
7028 1128
9641 2290
964 4868
5615 6953
358 3342
7315 144
5349 1576
3736 7652
6669 5977
873 5342
8361 3189
4533 6065
179 4540
2230 9453
9131 4950
3253 6160
6078 2895
8450 3395
7763 417
348 4473
112 7663
4617 5461
5591 8354
9465 8613
4331 6691
3955 9045
9880 4840
5110 6412
5732 7340
2217 4863
8642 5471
7375 1073
4718 2178
4468 8833
2595 1168
3306 9059
5184 4276
873 775
8982 338
9388 3313
7029 9695
8710 3262
887 3821
6026 6619
7513 8243
7835 2508
66 5210
3581 4784
7388 4401
3617 6336
5569 3276
5395 753
7552 6268
7881 6534
2959 3621
6199 9988
9669 1262
9602 556
5083 5628
3528 8948
224 1363
1456 290
6573 1389
1427 314
5790 1396
6650 7712
1024 2045
4817 4928
4666 9050
7814 7625
2672 366
3965 8693
1628 9920
5601 6711
5548 9129
5659 2124
492 3468
8767 3418
4857 6546
3732 648
7942 382
4712 5319
8779 9529
247 9797
8580 8062
3774 7604
8428 7740
6297 56
4012 1898
3119 9560
1028 5130
8037 7872
8598 6804
1290 3456
3350 5022
456 7644
1756 1520
2963 6888
1049 9563
6685 5981
7625 460
3585 6053
4552 9882
2461 8564
8133 5580
4476 5513
710 2513
3385 9309
5669 4676
9117 5371
6050 5925
3016 7807
7445 2331
4695 8494
1894 7732
828 9519
8192 4413
1924 2744
648 737
7660 8781
6317 2137
4294 3380
4650 4031
9041 6672
8707 8158
2043 1110
4083 1411
5269 7880
3743 6316
2726 1989
4048 3554
7861 8593
4320 6137
7689 4968
6875 5350
101 3192
7487 747
6572 8489
4778 5613
5161 9838
123 3557
948 558
4968 6217
8438 5063
8885 1165
7053 2933
1071 4914
1526 5391
1051 9216
359 4278
918 6812
7471 4757
7559 395
3246 2338
2361 4760
8528 2484
8317 5828
9395 9637
2045 4185
4701 930
5350 8106
215 2774
3020 8094
8165 423
3662 4877
1054 4580
1689 8525
9337 5601
5272 8935
4291 3985
3695 2819
2822 8364
8647 2217
8002 7044
6402 9055
4326 8105
7161 4541
879 6533
8987 5396
3308 2649
273 4362
7229 8315
9239 2918
3916 864
1854 8207
4849 1901
7378 7671
6618 6025
9888 972
9421 2643
27 3747
748 3540
4640 7979
73 3628
3375 9733
6277 1
448 9859
8316 9687
9129 2232
6903 983
6791 1753
9237 4169
9424 5855
6546 5665
3179 5967
8308 3206
9714 5408
3098 4354
3387 9523
4334 6762
9256 612
3115 6056
6823 1431
5744 5952
15 8999
3288 6806
752 2525
7327 6529
4732 3873
2194 7911
6192 502
7469 5906
5910 567
6613 5649
90 947
2411 5698
7911 5527
1755 4734
3310 3851
7039 3326
2850 327
6484 9955
9204 164
6484 3936
389 8678
8199 6582
5532 5668
2488 7794
2587 5453
3443 9029
2753 2206
4727 664
4085 2834
1751 7396
3037 8790
7074 5888
5469 9910
2195 1025
74 8679
1313 6816
7357 9512
3398 9241
1532 2238
7035 4119
7692 478
3148 445
9036 4227
7461 3122
7062 9212
6870 6451
4354 3944
8691 6175
206 886
7200 281
9565 8513
7097 3274
4377 6847
2515 5909
9085 5902
6380 6777
2732 9528
3574 1769
108 1036
4891 3522
6600 1761
9973 7307
2057 8665
9834 2263
9551 7035
8896 5469
1900 5993
8743 6278
2840 7611
8539 8278
9865 4920
1407 2598
4448 4982
4367 4556
2370 5610
4430 5322
3723 4404
8981 5780
3069 8816
8043 8972
5851 6940
4441 4103
9285 9537
381 8478
3500 8921
6756 3365
3841 8163
2315 4641
9497 3034
5550 8219
8644 9980
9894 2367
4384 8875
4499 3805
7691 2543
9130 9894
5835 3571
3998 1472
9460 731
9950 9312
6004 3058
9030 6197
7574 7697
839 3423
732 2741
1643 5728
2721 7889
8096 3458
6764 8947
7263 808
1490 6393
702 3677
6317 1052
5150 2129
1784 5100
7794 4140
4511 6824
338 2085
4521 1177
5508 1605
3918 3503
7334 2991
1392 1782
6449 8157
729 65
5317 8572
2810 6019
2249 5479
7072 3751
3961 5208
5204 1755
9348 9715
4931 6038
1800 5804
7215 3660
7410 7485
7164 1096
6829 4908
2878 3278
9417 9959
9695 4734
8531 8858
7106 7133
4337 530
884 8298
5738 6088
6405 1438
5803 7688
7477 3955
3493 1044
3968 7255
4882 7484
4703 1711
2392 7581
1341 8162
3892 1037
2896 2424
9895 2
9557 584
532 6793
5235 2622
2882 1640
413 5037
5681 7890
5345 5526
5286 9313
9133 168
3149 3836
8231 1893
7769 9573
55 1661
6962 2952
4085 3209
9306 9994
145 6191
6788 5380
8813 6022
3373 9226
7411 9054
3468 2756
4580 5107
8421 3713
1627 7922
3901 9859
9816 1670
5784 9871
3331 2746
9175 3769
2307 4834
115 2452
1025 6903
4185 6190
9277 7558
5417 6689
2964 5237
5797 7544
344 571
7609 1972
8493 1510
8183 8309
9532 3967
4533 2863
3065 60
2984 1724
4894 3100
4176 5919
6355 8361
2110 5633
2271 3879
8674 5235
9116 823
9131 5813
1394 3092
4137 6240
954 2320
901 486
2639 5434
9702 2056
5495 2686
3780 389
2138 4308
2661 8494
9022 1123
479 1293
5002 5505
2881 470
6328 2012
2635 4075
5105 6772
6667 6059
5444 7568
2898 4435
3003 2600
6491 4850
1638 271
1591 3777
4580 604
8623 3602
1727 9102
4895 6729
959 4128
3552 3639
6141 6187
7714 7598
9312 4381
9 1108
8302 2907
5544 1305
1859 2035
2507 3498
2307 450
7275 6887
1055 2250
6841 2782
1352 8088
5864 8663
2217 9416
2302 4710
1955 17
2308 1267
750 8669
2376 9052
1577 7920
6709 3436
6307 5568
3286 8614
6019 6913
1853 7074
9163 5046
9856 6867
3135 5720
5530 1704
1488 7833
6414 3444
4202 8722
4711 1304
3743 3439
6709 5320
7711 9770
5109 4019
5339 4747
8985 1358
1661 7191
4784 824
2237 992
7692 5372
3065 9574
7076 4553
7407 9842
7997 7961
4916 9061
9266 8660
2500 5975
332 6564
5745 5441
583 7436
189 5920
5146 8202
3111 9930
9026 5349
923 3070
7073 3988
2645 502
4893 6404
344 2891
4366 5261
8304 3632
3921 7156
5959 4253
3720 8056
6047 655
5493 2588
6576 639
790 6039
6922 6168
1388 4197
9239 4814
8185 8236
5316 3078
4640 5660
2321 5358
7273 625
8990 7546
7782 1301
1800 7854
9358 4199
8510 4851
6787 1438
1842 3929
7477 8764
97 5218
2961 5688
32 7498
276 5348
6929 4917
7360 9250
6627 4634
6228 5618
2180 362
3271 332
8216 2629
4531 3078
3832 7670
4516 5675
7951 8346
791 8049
3564 3753
89 3596
7603 366
5296 4532
1635 2656
135 8262
3642 2715
232 2175
3077 3504
2507 7645
2485 3391
724 6318
7413 1592
8345 5365
6290 9136
9766 9854
9241 9855
9802 6845
6573 5098
1377 8208
4107 7864
6471 4101
579 6703
6276 8
6559 5136
7654 9045
4879 4730
5363 8644
2674 60
361 8965
5548 127
8819 4790
6335 4974
7987 9260
72 5716
7469 531
3581 292
4633 512
6995 909
521 3555
2397 8175
8952 7276
2905 4315
5921 1931
727 6282
896 6275
2762 6068
7417 5449
1042 5404
4709 7466
1121 2178
7998 1054
2470 2631
1566 5818
9892 2087
9373 2290
6614 4677
5918 9519
8992 1839
7803 6071
4474 8699
2346 3588
4767 6116
9037 2161
1520 3746
9628 8993
5925 3978
47 4747
2961 7966
565 2853
53 6290
1495 6668
967 7414
2539 6311
5605 342
2382 6431
5394 1081
19 6513
7197 9056
8675 5069
2803 4655
415 5080
8633 462
9827 7946
8428 6745
799 4834
3035 8647
7854 355
2413 393
6666 8018
7088 5401
802 2482
2834 821
8995 6383
6230 4022
7804 5385
5029 8219
465 3662
5034 6644
1608 3462
9741 8760
4648 9129
3759 2502
9484 6172
9248 2502
4190 6336
4255 1344
5170 3441
2166 4165
9824 4748
4540 3981
133 9569
2200 6950
9584 7234
9946 7544
7049 9688
2656 8049
8817 6415
552 4653
2587 9800
7155 3130
2488 7763
4474 7658
1204 2992
8175 7381
7740 2715
1362 7873
8637 9914
4823 4573
3501 1122
2117 550
810 1126
4951 5979
7541 5503
632 129
1655 4139
3259 4143
1902 4085
8153 9459
7078 6329
3192 4818
5396 906
9044 385
820 3867
4958 673
1341 3428
7575 2151
4554 2527
8130 2095
8030 5114
8576 6038
9254 8187
6533 7508
2273 4687
3319 9351
7368 6511
4169 9116
7417 3213
9502 4590
3433 4460
5263 4774
7888 9191
3278 8794
1718 7760
890 6100
2875 9466
2138 8481
7654 8672
5989 6279
9711 5661
5630 7079
2172 6151
6195 5942
9365 5697
6884 9150
6510 8499
276 750
7690 9906
9545 9408
7667 6787
5509 6894
6253 3999
5375 259
2671 7716
6538 2382
3377 8520
5813 1902
4672 2009
7844 389
4058 1080
5891 568
9579 6167
7671 3622
6074 7216
9382 93
4003 1243
6987 6608
5243 8714
3220 7914
6430 6110
6649 6160
4631 2462
8062 9303
823 2258
9692 4882
9690 5583
1802 5621
8102 9473
9243 528
3041 4978
6973 3396
6221 312
5 1464
9026 9577
5731 1809
5687 2380
7969 6670
1194 2383
5973 2018
993 2017
3252 683
3952 5054
6304 8407
4528 1900
8935 7569
6878 2261
7318 3099
2573 3675
4564 1600
3252 6647
9761 5291
9027 7730
1962 6573
6465 4287
4943 7458
6305 8195
8141 6609
9602 797
5016 4130
2697 304
8051 9575
2565 5369
9027 1490
5396 3591
3090 8648
6590 2851
3940 1969
6933 2254
8542 9750
6541 9838
7208 9198
8033 1701
5808 7635
2499 824
8117 1548
7480 2521
1124 6397
4242 6503
7888 9639
6446 978
8287 3036
182 8579
5005 3467
7185 3547
3218 3727
3385 6778
2925 7771
8480 5085
1758 979
2262 6228
8879 9742
8749 6355
6140 2991
2858 4028
2630 9304
1358 7270
2340 7892
2201 7345
7712 9387
7245 930
9466 6982
4060 8743
1105 2540
3829 2864
9871 6091
9092 8751
5833 4193
5106 8325
7184 7965
2353 6167
3621 64
9789 5962
7956 8342
9659 2020
7729 3256
2950 3547
239 3363
2291 1344
5903 2472
560 2127
8563 6004
878 748
197 2336
9074 3734
301 7779
6253 275
4195 6042
6237 8504
4384 2248
524 8466
5505 9827
2013 2096
3190 656
9792 9093
3128 353
1220 1691
2709 8450
8792 2907
787 4218
2993 7440
8349 9246
7715 2545
5288 304
1049 6024
2553 7925
4490 4410
7752 2856
6506 942
9864 6298
6388 2993
3003 3960
1036 2065
2411 6180
4972 9550
398 4317
6990 8748
3563 1058
7645 5203
1362 5046
1227 267
2971 2070
4677 724
1278 7535
8018 1142
3834 4406
4135 3189
4719 1524
5254 3482
7704 6578
3032 8103
895 6374
3203 810
7432 848
6013 5147
2246 3593
5414 5217
5663 6444
2293 6941
3979 6664
8083 4165
7422 8571
3707 2141
95 5313
5623 4151
8244 8655
8606 5491
1382 1809
6302 8814
9009 2315
313 1255
2260 2080
2825 7923
8524 1470
1216 8855
4486 5652
9373 1909
4223 9432
4050 670
4745 6026
4821 2989
1033 3428
4833 2415
1589 1135
7582 6951
9802 7895
8206 2063
9975 7383
9986 4851
5206 7555
59 9692
3207 9432
1601 7430
5216 2004
4452 6313
4382 5625
5655 5415
5405 488
4183 6995
1623 1765
3946 1425
6012 8504
9840 5988
2240 6179
7191 7446
3734 7250
3490 6941
3034 5092
723 8250
3448 5175
4564 7830
7152 219
9597 2558
707 132
5905 8682
1897 9851
6459 7910
4707 6300
250 6947
2479 7441
745 2565
4692 4236
9506 7726
5680 229
5977 5480
1756 6893
9662 8908
3464 9259
1466 4171
9392 7371
2853 7641
3574 9312
1903 4634
1964 2153
7933 795
5947 8679
3360 639
9267 2866
4717 1299
9447 7046
6779 1203
3939 2793
6464 7403
8404 7930
7926 7796
1654 7131
1790 1580
2796 3693
2566 4760
2199 500
5556 8146
5531 8916
5137 4798
8135 6206
2449 7582
3253 5580
5138 3544
8373 1602
7300 6777
5884 5226
926 3890
8710 2716
1823 1506
2761 4389
2618 1312
4889 4526
5810 420
9795 7299
1570 7930
3506 4019
1864 6759
5951 7002
6655 4324
4956 3955
1102 841
5534 8380
1083 4244
1096 2906
2102 209
7296 1072
7874 2185
5599 3684
8958 1746
7336 6880
6028 842
7252 7892
3953 3203
1247 608
7528 6203
4564 4982
3396 98
3362 832
694 810
3738 9148
7371 1034
220 5245
9572 2171
5282 4882
3917 2618
1762 9945
9812 9014
4190 3765
8570 5437
4373 2450
7992 5289
7432 7741
1739 7146
8573 2433
4308 2311
1581 8031
9698 8154
9629 5622
325 4911
504 4243
3881 8618
4188 3693
3985 8378
7458 2555
167 8183
1357 8160
3473 8789
5901 5212
2287 4474
3998 2947
3137 1931
978 2835
85 607
4809 411
1870 1665
4654 5751
284 5194
5796 621
9925 9606
9528 92
7790 885
4604 7615
6026 6857
2827 8313
7683 3177
7612 821
5109 8590
3656 5194
9198 4818
5605 7420
6483 6611
9524 6767
1806 5320
3740 8083
1279 3268
4527 9069
4153 5484
3036 179
2341 2215
4844 25
5393 2456
846 502
7399 854
5696 2949
2024 7654
369 8508
4265 9893
1627 2423
1566 5368
506 2845
4988 1386
8266 9142
6870 1302
5673 5563
3517 6870
5588 8910
5678 2786
5764 3077
9993 1461
2378 2017
5467 2748
6877 9732
8993 8505
2156 6911
3873 9014
9756 8861
6752 4374
4355 9974
5676 6381
5538 5546
3251 7478
808 5281
6617 6573
8359 2962
4386 7089
4979 9853
9837 8209
5937 5183
6714 4445
2094 6939
3460 8203
2152 6564
2577 6508
6539 8254
9241 2077
152 8844
5907 7312
4125 2524
237 8836
5486 4623
5926 6818
828 5763
5027 6766
7298 8093
1211 9393
5032 1023
7596 7184
7588 173
44 479
4779 9285
2556 1283
8129 4815
8596 2255
7340 8833
1091 9178
9809 7017
2348 637
9133 3727
3755 6431
1820 1319
2176 6852
8694 6124
389 2634
6298 433
3113 7429
9719 2021
5065 7848
6837 3661
6455 529
8846 7547
6059 8655
916 8408
5645 49
8487 5752
2833 308
3423 1361
3512 2118
7486 3901
4752 136
4335 7866
7565 406
6239 2630
4606 3076
2643 1062
3605 7842
4961 9665
6497 5877
4425 8494
2279 2912
4247 1464
3220 4022
2825 3085
6140 311
6986 7245
447 7673
1463 4365
8079 7702
3347 2686
779 2343
100 736
185 5061
401 6682
7290 1178
1529 9569
4091 2128
7385 3663
6150 211
6748 8643
6874 87
5888 7322
7760 7351
8039 2192
5053 1386
4878 2184
3729 4978
2921 3914
6391 9674
6949 3681
853 4830
9603 1296
6958 6988
1311 3108
7199 8060
8103 426
4499 3991
7748 2259
7694 2139
803 9100
3525 2033
1284 3607
7011 557
3873 9754
6584 822
3436 3789
2004 3039
5085 8962
27 6396
8423 3579
808 6526
357 5307
6870 4457
3919 4564
6596 1074
16 121
3108 7653
80 6471
8210 3954
6226 1146
1128 9662
4935 3133
9053 6372
8447 9080
9121 6870
9011 9929
9749 9368
1589 6619
3825 1860
7535 421
2934 3904
6895 6042
1557 6975
2514 9767
7281 5092
7266 8410
4754 2201
7895 3807
8574 6342
9239 7695
9565 4603
3976 9314
3971 1917
2285 4149
129 6172
922 9416
76 7817
1810 1633
1145 676
7753 4778
5768 5019
9540 522
3572 7435
681 2146
130 9921
6193 9695
4524 6522
5361 4847
4791 7646
8996 1273
170 9919
689 247
4088 2499
8232 1585
9528 2337
6364 5296
3708 2256
2171 7281
9692 2852
5779 6174
9125 8325
5869 3649
4847 1230
4849 5990
5228 197
7263 1750
116 4304
1997 557
3156 6582
8494 2684
8919 1210
7980 2628
3467 151
6261 9511
9356 2040
5685 8481
6717 7906
8483 7916
5488 3332
3907 716
3529 7522
2466 9998
1827 816
555 4983
7398 5401
4019 2669
6612 8351
1649 79
8503 7910
5942 7859
6303 1627
2692 3020
9533 1175
937 5021
4507 1196
2089 8037
8718 907
8035 6897
8075 4942
8232 1825
6695 2251
847 3307
603 2496
9738 5458
6759 2032
9669 9414
3659 2361
2434 9544
3537 9723
917 8044
7271 9358
2433 5990
6618 6820
2887 4693
8114 7472
6519 4810
9723 7366
4469 6678
6214 4208
2136 9325
6240 1805
8739 6252
519 7526
2148 4056
3601 3066
8452 873
8776 886
6863 5394
4058 6102
6440 2173
3574 2959
3335 9650
6677 7804
6328 9243
8364 4817
8569 957
2974 7308
3561 3493
4834 5709
7549 8436
5127 2354
5661 3904
9592 2524
5650 3650
4978 2090
2175 8553
1401 5510
4555 4430
3315 883
3674 8031
5700 2243
8988 8675
5903 2549
8520 7090
8259 2422
1878 9738
4776 7539
3642 4368
6415 5645
4370 1393
7735 2898
6298 5489
8408 853
9919 8075
8089 9945
6107 141
8540 5095
5168 796
3997 3689
7886 8608
6111 6116
8346 887
3655 8341
1607 70
3986 2329
7815 8073
5227 4114
9914 9988
1319 9834
8063 9408
6131 522
9550 4672
1970 4718
5468 5967
8407 9706
4575 870
5822 9273
1757 5829
7614 9716
5899 1600
8398 3714
6026 9977
4180 5940
9965 5500
2126 4381
1260 4610
4903 810
9282 3225
1881 1102
9192 288
7160 119
1159 2982
9393 9268
8811 7007
5337 1062
4960 87
1128 7338
64 1661
9630 6382
7161 1757
763 8421
6367 2018
5584 2001
5244 7465
9455 788
4105 2967
7260 1616
2301 6653
7237 1112
12 8926
8526 1324
9013 6006
5014 5429
7667 4645
1811 1180
2754 8926
5954 5473
7297 7890
3826 2541
5355 3281
9681 5812
2600 6941
7429 4901
9946 4666
2365 6311
3592 891
3987 8957
3249 9002
4386 7269
9999 2550
8449 2753
1476 755
8226 8773
8645 2052
7666 4000
1685 7348
9813 4285
641 3594
9186 6940
8260 1551
3251 8204
8794 3590
7161 2043
2592 7899
9312 2591
449 4114
1696 1926
4869 9922
7051 9867
8326 4718
3867 6363
8418 32
7000 5411
3626 6186
2351 8238
4089 1954
2794 9235
5545 6307
7631 4489
4207 3295
3433 1008
3761 5129
2934 8631
1404 6338
8498 9730
7408 8717
2446 5826
5102 9446
7589 5080
1985 6293
3319 6074
8247 2465
1662 144
8773 9293
986 9332
8940 4419
340 2702
9548 3275
7685 7304
5965 2535
7035 3373
1252 5833
5551 2706
5279 3140
7787 7264
9433 7458
9691 4033
9923 1353
529 5048
6998 1515
4380 5938
5934 4721
8640 1835
4348 6325
9139 313
8860 2526
3686 6465
8359 9237
5523 3639
8729 3310
903 4515
7120 594
8548 3396
8299 5429
8444 5297
6945 2825
1236 9231
7546 6228
1066 1894
2554 6558
8559 7766
9084 2245
583 7444
7834 2459
7435 6563
2121 4690
7430 9242
5285 5978
2638 9936
7760 1082
5234 4705
259 6470
3936 7805
9050 1355
6051 7956
7913 4610
2075 3349
3207 9010
793 1041
1469 4580
3957 3591
9271 7739
2833 908
3718 1823
844 7830
9257 6078
2535 9517
8900 2823
3674 7951
4178 9726
2259 8443
688 4334
1793 3896
3345 8938
1289 4814
3519 1598
8405 9142
9338 7590
50 9408
9413 894
7238 5023
3325 6125
4540 8577
8948 8214
2880 9479
4292 5140
4274 4981
9474 2419
5229 2819
1358 2870
3986 1229
4469 8743
371 159
6334 421
5919 2099
7667 3157
7122 7344
5634 8014
5922 934
6229 8802
413 521
3942 1040
1854 9769
3459 7083
8940 4817
9954 2926
2398 775
8022 2769
7286 4356
9542 3205
2807 3562
2714 6282
906 8348
4296 6828
9282 6877
1983 6048
3751 2277
7088 5605
2046 547
9041 7339
1717 5347
6617 4115
2474 4639
3237 9760
5347 9131
9317 8155
2693 2031
789 3600
6731 1437
428 6013
8315 8763
8413 2066
1041 1853
4023 3087
2401 9416
6778 470
1115 3396
937 3589
8035 526
9701 3383
9658 9018
7890 2351
1049 8679
2303 7780
116 9084
146 4783
7847 8559
3201 8888
413 7225
8328 9166
2993 5106
5988 4109
8502 6925
7698 6538
7452 3752
6273 3462
2770 4163
5813 3820
2842 8117
7952 9310
7201 8098
4094 1400
3010 7295
289 3423
872 8617
8941 3866
75 4929
4327 8578
8206 8377
1468 2010
2129 7741
5472 4900
1904 7638
5072 1098
5755 3024
6760 9308
1123 854
7060 485
4502 7349
3908 5374
2318 9201
5592 2394
4130 9919
7324 8688
4649 8792
699 6778
6533 6171
8030 4789
3809 3102
2239 5916
6127 8999
1576 3602
6206 8637
4087 708
2338 4347
2434 4657
9900 8027
3403 4030
4298 727
9070 8947
9519 9769
2078 2404
2293 108
3545 2454
9563 2136
8371 2042
1135 6299
1996 3693
1288 6083
4401 3627
6782 6836
4636 6682
1215 8039
7064 1865
8766 6134
7165 4637
2256 9243
3393 4549
5703 6938
7003 1618
9074 1726
3660 6561
4378 5656
255 5666
8091 4656
5645 4873
7844 6633
7907 5411
4672 4971
7277 9790
7458 4442
779 9714
3685 4172
615 5740
1110 3970
7359 6536
5697 1019
3098 6427
3028 9705
2093 1119
713 4091
2345 8558
724 252
3969 1749
1576 1246
1539 9034
2040 8671
5100 2077
2843 2067
7818 306
6037 1529
3194 8086
8900 2644
4513 1928
2349 2959
3048 3063
7050 5393
7973 4126
1997 8294
5875 3573
5893 3767
8959 7933
2438 411
11 1633
2478 4181
8291 4868
5710 1486
2954 962
4130 7468
2891 6480
6779 2291
5895 3829
4036 3868
4307 6033
2162 6535
5959 8055
6654 4918
2341 5444
5330 2352
7077 4160
6533 5369
9028 8595
6855 8335
9557 985
5803 8800
3817 2582
1091 9712
2763 1479
9932 3422
7513 8447
9957 3472
6502 6611
4742 5195
2055 6424
7547 5485
585 432
854 5965
5379 4061
4300 1289
1398 6455
89 5216
9037 7533
1280 8152
9012 7565
7927 6525
6012 7884
6349 8866
848 1092
4062 2903
3868 7961
8388 4453
4746 5594
419 125
9655 1071
1414 1054
7527 1504
2622 6564
9037 254
1069 4401
4171 8996
927 183
3232 3628
5402 4080
1072 9464
6984 4941
3777 1724
9394 8523
7319 6165
8649 3326
7237 6415
4380 4764
7919 3354
7680 3308
9961 5101
7710 4132
449 4989
668 3682
8617 6070
7762 6042
1886 1098
983 5663
2823 6729
4187 6494
2895 2836
9820 6484
9251 553
7600 3523
259 5280
3183 220
6734 7245
705 7183
2234 1373
865 7204
7443 4980
3246 9329
6078 581
4992 5253
7310 5531
1747 205
8367 1568
3041 3971
8473 641
3846 8732
2274 7029
5305 9008
627 6010
6191 2861
7383 3409
6417 1178
8389 6015
6859 819
6596 8203
6073 3907
3735 7820
464 8454
5740 3506
8777 4213
499 2623
9298 2773
6005 4603
8133 6632
613 677
5845 4348
4086 2263
1878 8827
4630 8737
5998 1227
3292 2071
5134 7027
6244 1950
5482 8336
5456 4259
2550 5956
3235 1848
5081 9240
2803 3215
5872 3416
3892 8069
4116 4330
6684 5994
9509 1315
1083 5507
2542 4375
7579 4028
1403 175
5978 3237
8511 7787
3848 1061
95 7083
9261 5176
2675 8416
4743 4899
1832 4987
2969 2300
9317 9653
8294 8826
968 9377
686 9862
105 8265
242 1508
4792 2573
1097 3303
360 4945
717 6807
8381 6330
8335 7408
4747 3079
2308 2931
8066 5277
5232 3736
1282 3526
8914 8603
9256 9600
4817 9361
4217 5060
7221 9009
7633 8318
8665 4345
9615 9382
1152 4348
5712 9487
1757 459
2566 4065
3391 6985
5694 8623
7073 3328
8501 5987
1931 4109
1940 3101
3470 2509
8161 7043
7871 2146
1713 6536
6491 7681
5918 7643
2029 7982
7130 138
4794 6049
4203 8185
3034 6249
3160 107
9578 8013
2446 7861
2123 738
962 1945
3248 5475
5341 1119
7621 7054
4007 4112
4735 6277
1755 3117
4259 5238
3255 5405
1287 7459
3590 673
60 3102
7132 5990
7468 9578
3852 9591
6669 1166
7888 9917
6642 3229
7388 4263
6636 7747
4728 1371
4024 6483
4488 4635
1721 7744
41 9360
1555 9983
33 7967
9438 7165
3958 6906
3096 4162
2849 9765
1680 7089
6034 8322
6671 9774
8938 3307
3873 3666
1030 4249
6501 5519
5236 4575
9615 5277
3935 7522
1613 3969
1841 7403
7486 5799
661 6934
6313 3510
3051 7994
6951 5437
2668 3622
1563 1606
6929 5436
5272 7960
9685 1774
9831 4922
2701 5798
6551 6636
9672 4516
6957 1513
8271 796
3665 8932
7730 9978
8794 7134
4324 5746
2571 6993
5720 4135
8599 9002
5923 224
3314 5609
8350 3145
6883 1051
5295 9786
7687 4967
655 997
2832 8926
1793 6497
7859 9523
2828 3005
6657 7152
5103 5581
497 824
6068 9097
9826 1991
5673 3140
3952 4023
2637 835
1426 7932
6974 9113
9251 7629
6462 2083
2907 8255
4933 7118
4131 7761
124 7140
1265 5227
9073 1763
6051 5141
7212 2229
7133 2885
5369 1085
3260 4358
8273 4686
2290 5247
151 7893
9228 6614
6329 8487
1221 1262
5606 5352
5375 2082
8845 2992
7309 7918
4755 9713
3060 8319
1942 193
1204 3664
7630 4464
8022 5903
5502 6665
7502 5654
4558 3082
2268 887
1570 3489
8501 3528
5194 228
5610 391
3221 2919
8309 4328
8984 7721
2648 7279
4266 204
943 1897
1021 5317
4152 6523
1982 1655
2177 2893
4737 797
132 2659
4287 4986
6187 5833
5214 1797
6224 8435
1069 885
9116 53
8607 1764
7332 9225
8320 4627
1122 9341
6297 5275
5865 4631
3282 4394
7524 4371
5192 4009
7031 5831
8995 9570
1664 561
1368 4240
5349 8789
1477 4465
8842 84
6229 2527
5662 4549
3506 6784
243 9803
8411 6108
4435 1693
502 8311
6065 5694
8672 9448
1525 4019
9018 9541
4581 6738
133 9930
5527 1611
4395 722
8047 6976
9601 3709
1525 9459
494 1768
9263 5257
4228 50
6951 1083
8361 9368
6777 3386
8816 4655
7405 4186
548 1986
7277 682
1916 2804
2293 2663
9878 340
9639 5831
4050 1165
5291 896
9285 906
6153 9866
956 9456
949 5669
8824 7726
9055 3992
8733 6461
8179 5634
4799 5456
6316 3068
4612 4961
5731 843
5301 5371
3026 5703
2888 8317
2951 8525
9223 5457
8391 6531
4913 9340
8553 90
3419 7608
4082 8504
421 8613
4138 1573
421 454
4641 5034
5415 372
2229 7069
5743 5255
9124 4983
9925 8428
3509 5500
237 1900
2032 1502
7593 585
1592 1012
4545 2027
9516 1319
640 7
2892 1062
461 7533
2448 2229
4257 4677
5650 1
6284 1126
4984 6209
5906 4845
1710 6143
6746 94
7646 4339
7031 5590
1703 7928
7617 7571
9247 8258
7578 8491
5672 4392
2376 8120
2973 6634
9149 8623
2987 5433
6101 4323
1643 2008
9169 9705
4503 2267
9799 8501
6606 6830
4092 8309
1110 1709
2232 358
6319 9811
5201 1991
4203 3930
6463 3528
564 5612
2151 9903
7398 4604
4226 9041
2964 9747
5098 7468
2014 4897
2321 8620
8079 6413
3281 9189
8123 1866
5899 794
1677 7453
2786 2232
1383 5601
5760 1947
1214 4263
8202 8612
5219 2428
4005 8184
8528 9103
2004 542
352 4325
5515 4783
7091 5148
3972 5214
7014 6224
6008 5043
3677 5146
7275 5060
748 9387
3359 8314
3650 1561
6926 8870
341 7283
3406 5221
2738 5410
5764 3090
6087 1279
7873 3178
2779 8197
4744 9794
773 7105
4837 4450
8603 8465
5862 9351
7852 5573
4017 7855
3486 7295
3077 180
4578 6483
5401 7316
8245 7517
6758 684
5148 983
3863 7928
9181 4959
4074 6306
8416 5263
7109 7020
3728 2971
2723 7933
4897 6741
2140 4735
4036 5217
4915 4967
8052 6669
2283 6297
4186 5394
6981 9335
6377 7196
3615 1910
8508 7689
8217 6924
9304 5326
3944 3033
4649 6668
7318 5898
9761 9458
634 3797
1027 1901
8764 9079
8570 7400
1728 9109
9146 8709
4796 5523
2258 4763
7434 7118
2452 2003
4042 8108
7329 4339
1141 8330
7359 4811
4229 7120
621 4863
7269 1648
6764 2386
7079 1687
6138 8807
7148 5284
3869 8296
7159 6127
3059 945
9597 1863
2948 9991
9971 6629
4330 7465
4960 8041
2276 9189
1513 9250
404 8783
898 3520
7521 4330
5207 11
3137 8707
5295 7006
7003 8806
9485 62
9752 9082
1925 9052
9074 1897
5682 9756
9362 6994
4150 7990
2535 5663
7240 2939
798 4491
6459 4671
8821 8019
4682 8310
6726 6329
5317 3730
5136 4802
144 1240
237 2070
292 9311
319 2326
5419 6033
9320 9569
4023 8207
1585 7616
1146 2383
8459 3958
7055 3632
8329 1737
1942 5055
4419 7259
5137 9555
8414 5282
795 8651
3704 1087
4314 4023
3414 9733
6408 9086
5655 6783
7294 7240
4399 4792
5975 9210
8750 9382
2842 7079
1120 1137
8487 5539
8396 9976
1446 3162
1610 2241
1813 5314
9680 2479
5689 9446
8565 8449
4885 4220
5233 2179
7812 9632
3323 139
8843 2074
9522 8037
5505 6994
9174 344
8885 3923
6673 331
7085 8283
8924 5251
9950 8604
7730 1991
4403 6295
441 9288
6867 5674
7819 4679
1658 1142
4819 501
9568 693
4891 1426
7687 4065
1770 6572
7988 8443
6903 1426
3079 5827
6677 3029
783 4407
5020 1538
7055 5461
826 3922
7487 4997
4954 9146
6140 6125
5999 5708
6818 890
7134 4505
1308 5257
1077 5648
52 7980
7074 3131
159 103
2512 7294
863 7533
8833 7918
9346 6011
1840 6834
1009 3146
2332 3501
9271 8331
9209 6089
5574 2696
594 3234
4305 1671
8882 4357
6003 2309
3841 2514
8764 6353
9809 9627
238 4994
3897 5937
1005 5738
9123 8366
8884 1455
1867 4508
6138 7429
597 1712
6477 1192
4946 782
9215 181
1491 1571
2490 1684
4085 1254
4390 246
7234 4628
5240 1131
565 2598
3221 9688
7316 8458
1143 9184
2966 3634
6613 3563
5346 9442
1107 6645
6576 323
6826 8067
1894 5668
6104 2331
3274 494
2578 508
1474 4170
7992 2040
6768 1213
8080 4085
9671 5576
9621 8989
9210 2586
2553 4556
2028 12
7553 8604
335 4379
3023 8581
6399 5479
913 9674
5973 3491
6534 7448
7661 4526
5840 782
5740 3920
1219 1763
9496 840
753 8706
3426 9658
9615 1806
9670 7168
410 6358
7900 9785
4939 4299
5265 2204
3973 7590
5695 508
5038 9709
1386 878
6843 3478
1151 8062
5242 647
8902 2347
5706 2328
8357 5321
486 4379
2489 896
737 389
7033 2029
1041 2298
4233 5014
6241 6281
1874 1279
2342 3261
8510 9185
3091 6013
7247 8333
6660 2501
7032 2366
1181 5389
4039 1667
6121 2881
8915 6858
9622 5948
5239 663
4599 5825
5678 840
8458 3904
8471 7152
3517 6981
6337 6609
2994 9936
1294 6007
2437 4679
4725 9970
68 8765
1637 6189
7998 552
9400 7620
6500 991
8284 7451
6816 314
8291 5274
4218 6763
8778 7736
96 5115
697 9443
1403 8343
5450 192
3022 6527
162 9443
1644 1799
5632 9642
8703 1384
7263 5204
2376 5547
2655 5544
5861 7299
7171 6431
4062 5949
519 4158
7417 1216
3601 8820
5912 5403
5365 8934
8283 5527
8377 9927
3679 362
5922 2382
1746 3185
3938 474
5084 2946
2371 7297
245 9542
3728 4307
1843 600
4817 9260
8168 4771
4433 4080
6526 9798
3015 4809
1677 1392
1089 5356
1754 7011
4091 9853
196 8029
6679 1632
975 9050
8929 1220
4944 9009
1879 6788
9609 3049
2400 7778
7820 6833
1858 698
2983 1225
5508 1013
2618 2949
6369 724
9960 460
577 6508
4842 3609
8140 5817
2659 3421
3390 3956
8782 1621
7096 8392
4670 9496
2522 8842
2682 732
9541 2017
1958 1401
3030 928
4350 5752
1652 4310
2564 8582
818 7406
2191 5310
9576 1202
8731 9318
1510 7513
939 8606
2257 5610
4455 1131
804 7137
1864 345
5506 174
1746 8537
7454 2448
4289 5458
6758 3205
4040 3928
612 2583
9238 6540
138 4321
5858 1648
1835 6797
6607 444
8759 1062
1576 9564
8199 3440
6261 3705
9966 4360
8594 7420
6808 9235
2878 9919
2441 3271
199 3053
2206 9438
5945 2344
111 1803
345 8298
4952 6952
8743 64
4366 319
9628 8917
111 2241
8974 6429
6601 7569
3849 9762
6804 3079
9681 5597
6350 9880
8650 4909
5670 947
3605 5782
2750 3950
4080 4055
7254 9175
4119 1620
9494 99
537 5957
2340 5864
2386 5294
3433 2587
5056 6589
2019 4737
2187 4721
969 7189
9630 6640
8137 3236
8774 7239
3538 9206
1294 793
8382 5413
8765 4228
5512 5655
186 4205
1519 8924
9499 1304
7864 4555
7893 9883
5644 6432
4604 6613
3622 4235
9605 8111
3823 4731
5350 7361
3938 6645
4506 8672
2058 3272
2900 3923
5279 9438
8128 3150
8363 3979
4454 2579
8534 8699
2462 530
1484 7066
3495 1458
7653 9453
9569 1476
4184 4919
5190 4474
1564 9696
3146 9975
9320 2399
250 4599
1837 4730
4101 6552
8709 4907
9131 3595
9959 7945
4125 1443
5012 7620
2901 9017
3425 2470
6846 7610
7389 2036
8436 5306
1732 7935
1633 1053
334 8235
2004 8523
2965 6106
1428 1674
7365 6911
1621 7324
4857 5746
8767 9869
9718 1668
5238 3144
490 2084
7106 4232
4120 5542
5890 5853
9829 7523
3258 6515
5758 1614
5039 5075
4072 2819
3101 1438
9730 4722
8762 4587
468 3882
4456 6538
5550 6047
9682 2393
8131 6788
6625 2252
8683 2515
4457 8512
6390 4067
5028 8500
5681 6419
3575 9754
9238 6676
7544 8968
1398 6306
3556 8218
188 4364
4756 2091
411 4439
836 8543
7579 7461
7147 2614
6328 7956
1127 2718
2023 2507
7570 4056
8926 1145
3810 4516
4173 1354
3484 5571
4013 3392
141 553
7757 4897
8996 4520
5688 9832
9415 3268
3645 2914
5882 9973
870 3361
9043 9245
2220 6613
3302 7498
4110 3464
2014 8283
1171 1851
206 5184
5243 347
2089 9352
5245 1086
225 7285
7270 9640
6905 916
8907 9140
7241 9777
2501 6285
9023 1074
2898 2325
8572 7009
5789 587
1644 6960
8790 1851
8496 4033
2198 6938
9738 3795
4376 6315
1081 1646
2307 7986
8914 1214
7126 6156
7344 5980
8793 6367
7054 1691
5044 5626
5052 7185
2565 6697
498 1355
4900 5346
1741 7098
2284 7831
894 6660
4146 8327
4659 6453
6313 3573
4020 9792
6081 1364
2124 4874
4083 5530
2918 9127
7508 4322
2664 74
7371 9514
7781 2271
4861 5874
9370 3497
3705 6616
6510 4203
4943 1169
7009 7608
1094 7381
3752 7176
8745 2228
8402 2828
7758 1320
8307 5267
1995 971
1693 9366
6838 5826
1638 1699
1701 7360
1548 1758
328 8058
2314 1623
9227 9323
5583 6674
6704 5688
3850 1801
7916 8604
4629 5675
6277 2936
942 8272
259 8987
7638 7097
4813 5628
5148 6514
9340 6697
4625 9668
4755 6939
7643 335
2614 3227
7009 9318
8915 7211
7471 6831
5815 2100
8858 2092
1388 6152
364 1647
5139 4355
5097 6305
6335 245
9171 5676
3294 3796
1696 8050
735 9340
4737 3349
8919 1746
9019 4186
8957 6490
7369 1124
4942 6228
3217 6330
8732 9933
4330 3872
4288 5779
177 6976
2376 9348
2652 5671
9497 700
73 232
6392 4810
9934 5311
2908 5305
5849 8217
1796 3219
9341 3090
5799 8910
5773 4531
8844 103
4755 9484
2234 1284
6460 4610
6985 5464
281 6482
6165 6706
3066 2557
1516 3000
4221 4424
8306 70
2641 6454
9641 8335
9544 5440
7245 1669
6324 6089
8124 1079
1926 358
2364 8386
4969 5701
3851 1602
2183 6368
8309 5249
8925 6177
4602 3146
602 9260
9569 9595
5714 5562
7930 1610
7355 5176
3280 3679
7617 1404
1110 9543
8115 9826
4282 3084
5527 4485
1038 4062
853 5699
9312 9778
1877 266
9277 8831
9526 5198
8426 1592
760 2709
3202 8115
4237 2834
8146 1854
591 9257
7750 8706
9083 8384
8142 963
2869 5532
5025 3722
1232 689
9852 3109
955 9129
1940 481
679 6718
2073 1440
9427 1628
5907 3664
814 4054
1871 7757
9663 5973
6463 8746
4357 957
6061 3578
6490 1087
7300 7722
8128 7152
7183 9084
2634 5475
5917 3313
2193 4343
1105 1621
5971 7013
1637 3137
7419 3508
895 7082
5833 3710
2180 190
4668 8242
3768 7510
5681 7420
1584 3809
925 5119
2893 9911
594 5163
9576 2787
9506 682
4408 1829
4047 2398
4966 7818
2258 2213
4900 8092
5924 7080
4634 6944
1674 4755
806 7355
8527 2390
7517 9452
7509 6762
5715 8103
1925 5292
7242 1431
2326 8003
9612 2725
401 931
543 2659
3144 5443
7103 5420
8875 1738
2364 6902
2845 3170
4257 1372
1912 8126
7177 5773
4889 2892
228 3166
4536 7471
4598 3214
5474 562
5939 2227
1493 2834
1238 4638
4629 8342
58 3505
6432 8775
407 5629
8297 1016
7001 6562
5495 530
2335 384
9775 8916
3550 4311
6387 4500
7526 8213
1415 9817
6792 2908
2652 8030
3898 7281
6372 3957
7138 9156
9084 3897
4785 7381
1266 8139
3943 6761
8669 2631
3497 8444
1547 3399
9108 4286
4252 6634
8851 5667
2803 5643
8575 1807
3673 2474
5441 6398
2783 2579
1906 8219
2829 6692
1952 447
4831 2248
3560 9852
4879 7057
8297 2778
6808 7405
3416 1060
391 2267
6727 9546
4262 1655
1354 4287
481 6795
7037 3264
5726 8944
7835 4907
5636 9787
5354 6819
2035 8914
6671 6914
2323 1320
6044 9132
5077 9460
6544 1820
8079 9624
7719 2341
1279 9073
6629 1760
2220 18
1376 4298
8962 9211
9206 950
8998 912
4121 7386
6179 7145
4300 8502
8465 6697
3986 9895
6157 531
8067 589
155 5786
2930 7786
4859 5911
5898 3431
5930 7274
7730 1244
2837 3288
2195 8187
4200 6316
5573 379
3461 6226
5234 8279
2923 5572
4526 5432
6103 2593
6021 2610
8380 5304
6748 9591
1215 2646
3023 3497
9920 7105
4742 2757
393 3289
7297 945
5957 2870
7677 5771
9096 9263
4050 8371
4835 4928
3804 939
7521 6177
9901 2253
1481 6650
1845 2697
9296 1220
2546 5569
4677 7288
4678 1422
6929 1975
2367 2887
1198 6396
8658 294
5659 2708
5018 495
3988 8822
7786 1509
1351 4039
3763 2833
689 1960
1882 6338
9532 4428
8259 4209
8069 2937
5631 4998
1265 4350
7885 2463
747 6543
9109 2758
5603 4127
3253 9591
9301 7391
7453 653
1431 7568
3486 8472
9528 1720
4810 5412
6148 9421
9621 569
2359 5252
5568 9976
5954 9805
2439 6701
6349 1548
9460 8304
2028 9065
4248 1329
6457 1701
8334 7888
9269 1820
6360 5149
3540 7523
561 6041
3296 182
6610 5655
1786 8530
1983 4092
8336 4422
794 1037
2323 6606
5693 703
2023 9941
2032 8480
1642 367
2720 7263
8539 5433
2412 8432
2956 9325
825 2604
5859 3787
8260 7645
2318 6595
1738 7006
1018 8884
4395 9693
1842 88
396 3865
30 8780
8698 1672
5499 1418
8936 4039
6851 7700
8823 6159
7026 9648
8764 2885
9787 3376
6883 2105
9971 4973
5463 7341
209 9858
7034 2051
9947 3782
2268 9977
2563 966
1649 8062
8737 6937
8453 5588
4638 3628
8100 1664
9628 3216
4549 9416
6592 1432
1521 6563
2757 3337
257 2966
3195 7291
5017 3142
7426 3638
3119 9989
956 1121
8051 9693
8058 2857
1634 9048
6485 9734
712 6114
2950 1614
5530 5894
9398 3403
8809 2156
6740 9066
5122 9936
2710 6492
9430 136
130 2550
125 1086
23 4528
7132 8081
3737 8766
3482 223
4852 4194
2689 4154
2160 8219
6400 1559
7974 5209
3715 1067
628 5189
7355 3338
1681 6785
9826 1811
5687 9951
9250 5710
831 6382
144 921
5148 3626
1144 6352
4172 185
6858 6333
8404 3258
7892 2730
8467 7959
3797 9095
3148 1152
8785 4830
7938 8611
2993 9977
4914 2243
5688 5746
8625 5832
6667 125
5810 4163
2829 9982
4348 9687
6315 9104
2945 559
8186 1413
8518 8336
6860 8019
9488 5646
9201 3778
4257 2194
3756 9172
790 5796
1270 5767
1628 4289
2245 7438
4804 5074
3772 5504
4762 88
960 4059
647 9146
5472 5518
7482 8685
9889 3323
4331 9090
3453 4940
7636 3561
464 8426
9357 1734
4194 7337
2375 2791
1127 3531
7865 4900
9035 8979
1340 9995
3039 1987
9142 4863
3857 2976
3548 3746
6299 4231
9188 9753
9172 6825
3314 9636
1603 9024
7723 2149
6361 6450
4940 7489
9982 2806
8741 5369
8137 81
5365 1176
8420 859
2392 2278
3835 5940
2376 6487
6524 7917
2592 5696
4742 2258
1684 6345
1282 5759
8495 3996
2210 9787
7837 8544
8945 6578
3913 7083
6659 5630
8259 5079
2841 7003
3709 3029
2944 6086
9516 9468
4003 8460
1516 5097
718 9552
7794 8353
5312 2641
2349 3874
2429 186
8770 1374
6764 9035
8457 9775
4666 3069
4854 7507
72 8564
6888 9368
1002 6404
5188 1357
1216 3056
6454 1935
2609 4248
6640 4273
3242 5341
4499 5671
5527 3269
7045 8643
2304 1855
8418 3322
1276 9624
830 7700
8188 4070
7069 9190
475 8609
547 8043
1666 3353
6330 627
3954 2970
1252 7196
8311 5751
2867 190
9020 6264
5185 1324
4471 9955
999 5747
9580 8181
9800 7768
2251 6869
3311 9078
1830 210
7122 9848
3564 3452
6827 3870
6423 8079
1066 1086
3830 285
7629 9202
2901 2814
6879 7373
2770 7878
9472 8702
6059 9272
2822 8310
2493 6133
7389 676
2696 4511
524 2612
7963 7352
6482 738
1783 7548
8177 5614
4185 2158
4816 7086
4972 8047
811 4094
5925 284
9148 1984
5908 1971
6647 4754
4456 4036
5430 7152
4899 2306
6116 9214
9658 2598
6305 1442
6498 4482
3408 683
2992 4576
4122 7964
2624 4933
8411 8549
1569 3911
6886 3830
5882 3533
8584 6691
3921 366
195 8820
2672 6312
8034 2331
5262 4339
125 8113
5173 3533
5148 8165
4461 9270
2482 7085
556 7245
1987 2125
1156 5225
2307 3391
5110 891
82 9031
1257 277
4203 3930
2941 2237
2613 8204
2929 2738
6317 8102
2623 7817
2620 7084
7088 5102
522 7644
8699 8861
6121 6207
4086 8429
9598 9196
5672 6032
4579 6930
6310 8782
7212 5603
7371 9825
3807 300
8915 6476
4755 7890
4294 7375
4974 7734
8829 1848
1730 3880
709 7851
87 1147
2632 9686
6695 8305
5718 1274
1587 8380
56 5151
3984 3780
4976 4143
4080 243
6972 5187
8133 7618
2562 3107
1704 7743
1308 3434
1623 2017
7637 8063
9517 6622
7749 6212
4927 9819
7487 2866
4552 3895
8017 4888
7675 9345
5383 8108
9588 8707
3295 7721
6325 2210
7180 4381
6305 4840
7815 7929
3210 5453
2344 2727
8427 6445
8939 3354
6264 6426
2572 7168
6674 6941
2056 4349
6286 3792
2457 2226
2499 2105
6299 5177
4315 9831
9558 620
4672 7374
4901 7882
9179 7245
609 7606
3690 9548
7312 6307
2327 6236
9827 9001
3177 8236
3350 5815
2028 2160
4393 879
617 692
6056 4932
6875 5615
1904 1547
9341 3158
5781 4872
6755 6390
8830 6798
2291 2494
3105 4618
8730 9284
3619 8259
7520 3321
426 9548
1833 4819
428 2450
1863 2836
3734 8738
4803 1991
286 496
5149 2419
5368 1904
8810 550
5054 7453
3044 4511
2071 8126
3796 2042
2737 1316
1715 3163
7217 3549
4334 3997
2351 6197
6833 2438
1288 7989
4429 7926
8485 5930
345 206
4186 9155
756 9241
2960 153
3752 5031
4631 7548
3425 3721
5217 5141
3236 8786
5042 7571
2783 7393
120 5968
9831 1408
3957 4260
9334 8795
6542 6032
9001 729
1539 6109
9970 4500
2614 3722
5883 7246
7623 9309
967 9192
4450 4203
7978 5844
8126 761
3237 8247
3081 9421
6007 3391
33 1694
2186 6576
7726 7539
7305 9265
3648 3627
117 6263
7349 6001
9861 1324
5310 7180
516 6112
7735 8494
1956 2214
5607 1545
6813 5041
966 2820
8432 1000
866 6970
7576 8592
4509 1233
4210 4509
4860 4327
7124 8561
6680 6985
9886 1990
517 6754
4454 4605
1601 6410
6819 3560
7956 3632
8601 8922
2804 3385
6274 3671
355 3850
8615 1216
1435 9177
5726 6295
9857 2850
4857 6537
6188 1095
4880 3057
7849 9334
7662 9450
5745 833
3011 53
4465 7964
5327 7270
1350 1602
7293 1705
1804 5908
2922 3240
5086 5000
5887 1295
4202 744
7832 390
1839 2712
9800 9689
2047 3814
5491 4144
4648 4854
549 9113
2819 2228
2735 4169
182 28
5874 1987
2289 5148
1579 3727
148 7466
5022 703
8211 2854
7445 6402
1919 7245
2443 318
1060 7935
814 5708
2789 1363
1173 5608
3591 261
6129 3774
6641 2004
2113 8930
3504 44
2657 5
7510 7679
708 2073
6886 8153
4828 8805
1751 7271
5475 2811
5206 6289
4871 4348
7652 2396
6308 7595
2657 2438
7721 9299
794 6186
4581 650
6230 7239
655 93
1270 7715
8518 4508
5869 3346
9665 7620
618 5140
6783 2176
1429 8006
2876 5433
402 9185
3029 9412
7975 7102
5063 8769
9641 9644
9419 5871
3235 6427
2316 858
4142 835
5366 6363
533 5032
335 1151
172 7118
9680 7954
1476 2556
3387 8231
8093 2768
7643 6068
9871 9058
4837 9512
8702 609
1735 8290
7036 404
9148 7530
7591 866
3894 8124
2250 4229
9276 8775
7700 5308
6729 9176
7864 116
3759 5958
2885 1402
8378 9108
460 3216
4972 5515
