15338
9319
9728
8617
3444
11779
9131
985
9100
7217
6790
11745
5063
15291
10319
9885
8776
11055
12167
6338
14087
14930
14366
11946
14364
7511
1989
3444
10007
12897
13100
18689
14692
9437
4824
11528
12949
4834
7782
9838
11351
12356
12015
13099
9946
11404
11484
17628
8894
12092
11897
5335
9135
4866
6006
4472
14759
3403
8039
7852
15203
7385
12056
11921
1135
3726
10339
14232
8288
18152
6509
14356
14862
13452
9670
13592
13267
16970
1399
5331
5609
11921
10824
4479
17012
16112
7960
10200
3638
8428
14013
3591
12054
18013
12157
8693
11459
12771
8527
14102
5290
8119
16091
5129
17379
4799
987
14083
18008
15552
10850
636
3916
10945
6066
10688
4318
7311
6183
5548
15055
14014
11442
11788
11954
8672
7938
11465
8126
7002
12867
4606
5555
6653
13414
712
1605
7217
11879
11553
11755
9342
18591
14252
4980
6318
4353
10443
15546
706
5649
2838
8848
13005
14469
9969
3841
8622
8232
10910
15888
10117
857
12856
10360
10771
10388
8672
9073
11723
11644
15175
2765
9678
12079
13267
10521
10914
9353
6837
12741
1131
16626
7774
16890
8298
10247
9429
16327
6715
6048
9079
12423
10651
2821
16897
504
14100
16889
15535
10429
11369
16364
12746
12610
13804
8500
4283
1933
18107
17830
12077
12090
8170
10756
11814
6594
14567
16687
11060
9481
7012
6803
4314
1638
5251
16483
10508
6210
10257
11439
3560
7960
12753
8146
9353
17733
11017
13070
8681
6809
16881
6669
922
5123
5254
12308
6357
9647
10324
5628
10829
5101
10602
6234
5584
8626
11744
12560
14528
12904
16007
11301
4537
4179
4149
13597
15872
12233
15926
4816
6919
6683
11441
10386
5040
11160
11207
12469
8818
6015
9160
3355
7368
14213
3112
7510
11527
7750
15198
4347
17780
10343
7026
141
5815
11516
4826
9066
9517
14544
11365
11717
11657
4918
10310
9799
13829
6135
9308
9404
11490
11861
11201
13918
3263
12405
9575
6578
6295
3497
12522
17401
12495
6264
8871
8689
11998
12086
10533
6623
3523
11130
5856
9741
10964
14166
11943
8895
4160
8002
16236
8801
6297
10492
9595
6980
8849
15275
11226
8617
7310
8381
10703
2748
17845
16952
10147
5022
12993
2333
5333
14765
9184
10649
4113
5305
14755
9734
3668
9379
12290
14653
14790
4291
7893
5780
11345
12818
15995
3644
5439
6941
11693
1062
8214
12285
5829
4703
19317
13811
18323
9492
15546
9255
8483
14355
14554
13173
17028
10665
11029
11156
6240
12886
13911
5471
5345
7312
13628
8786
8524
8739
9845
8381
8853
11173
4702
12149
17246
15557
10789
8801
8698
3378
15385
9846
10713
2395
9555
6489
15233
3698
15401
9934
9940
9214
5578
13216
6834
5659
1464
7890
6796
11793
6472
10167
5002
14344
8770
8460
8828
12143
11100
11386
14659
1914
5256
7358
9148
13812
6492
3677
13253
954
15004
9789
8850
7294
9997
16941
11135
3484
11365
3852
9052
8837
10701
16094
13240
11387
11871
7486
15814
7024
12518
5877
15526
19101
5614
10109
9676
9266
4165
9741
11465
11057
11362
6763
12381
8398
13162
11257
6341
4636
12370
5677
12747
11480
9360
13373
11407
16867
8383
2651
19180
8368
8028
10088
9041
15382
5822
6163
8708
8187
7922
11599
7753
4803
17506
9606
13912
11734
6657
11721
9251
9814
7220
16349
6325
13055
7857
12633
12178
10805
10301
9075
11090
15212
15337
12501
9445
12367
7349
11652
2309
19683
8418
8482
8811
12985
12403
6031
8279
10297
9937
10908
10523
8753
11048
13308
4169
12581
4366
12241
3055
1346
6344
18007
10381
7295
6511
9702
10536
10316
14270
10351
9321
16436
6700
5921
6610
10621
13702
16634
5989
10755
14838
11296
10673
6017
17941
12440
12006
10007
6611
3870
5901
17937
8528
9095
7557
12427
15716
6828
8040
10390
14622
12301
13468
14392
13647
12358
8162
14560
10276
10266
18914
19286
5473
13727
7071
4903
16005
7380
8571
5904
9091
10824
10319
10299
14448
7485
12315
10699
14646
14006
11248
16117
5171
9430
17975
11369
5358
10673
19338
8977
10594
16206
12291
17050
14036
7712
9023
17946
10032
9698
8120
7777
15022
8214
14832
10851
6359
11041
6667
4645
11853
15045
8891
10480
15776
15986
6654
6433
17624
12389
4542
6941
5706
8609
16074
8487
8316
4214
8284
5187
10281
10662
3993
1316
14446
6780
12354
8948
14407
9490
9868
13819
13270
4448
8137
11968
13512
8058
8783
8180
12136
1276
7737
5254
16839
5332
8131
17596
12593
12957
14383
18205
12965
4457
11046
4035
13007
10377
10945
9243
9434
7195
15487
5320
15891
11515
14964
13578
11391
2382
13378
14677
7138
19837
9742
2219
5416
9448
16910
11687
8455
5780
15626
4053
10098
11216
8263
8920
13651
9837
13245
7979
14175
4972
7605
6592
2566
8536
7139
10619
4435
13419
10432
14453
16505
2886
5403
3821
10054
9722
11806
9128
14095
7975
15662
14824
9486
9149
5992
13058
3300
11305
8572
7340
10273
15342
8784
5510
11190
6819
14784
13303
15296
6894
5111
2843
4955
12525
15627
4857
5983
10685
3725
10351
12385
14473
4223
14146
9286
9864
10050
11868
9559
10292
6963
10144
10757
16770
6082
12102
9701
14694
7058
12499
8938
3447
10479
9402
18765
6987
7548
14082
9722
5493
7032
13327
13229
16066
12272
15687
16338
15608
3507
18618
13761
7057
8146
8673
7402
6376
7170
6575
13134
9742
10264
15674
7271
5180
1700
12108
8461
15829
8419
7179
4076
12960
8667
17999
17586
9913
9525
13509
8630
2983
5193
8498
9666
12966
14237
6612
12757
2265
14516
15931
10711
12657
13193
12441
7561
11213
5924
12761
9447
12733
11282
11054
11621
10872
2641
10946
8057
5349
8827
8484
12271
5495
8465
2844
5744
10652
7627
10122
10434
10796
10502
9132
10755
15219
11328
8675
16105
13558
7834
1538
17388
6957
12953
13321
14426
12816
8564
16193
8191
7959
7820
14881
6213
17552
10249
6683
10338
9006
9777
5736
19150
8189
12263
6091
14851
9031
9742
5653
17760
9059
7705
5649
12090
6742
9687
15128
10090
15608
16756
1864
14806
13334
6568
3208
7602
12340
14364
12406
11700
7378
4333
9281
11233
12185
5645
8653
6705
14057
10032
17604
18591
9294
13341
14818
13554
9133
10111
17719
12360
4742
13010
13868
11734
2989
7896
12106
12297
14850
12157
10680
10921
19008
13636
7785
15688
9413
2274
11118
13910
4832
6462
3702
14692
10751
10926
15267
16653
14641
13707
11696
4010
7150
7094
9350
1432
8221
13826
9358
13181
14426
10597
14069
13024
12948
10193
15184
8458
13193
16955
15615
15783
5338
4815
7186
13862
7515
10361
7117
12999
9173
13767
10102
16692
6836
12191
7442
5343
6641
6532
17213
8143
13909
9017
945
10150
14265
7180
15200
7663
16575
3544
6886
13150
8104
6411
9134
12750
12115
13128
12839
12236
12604
1473
5994
12547
8047
9292
7684
13869
11184
17457
11186
12419
8326
11771
7882
14624
13424
14645
7938
4694
2339
6328
19134
4868
6830
9694
5238
6727
6718
10140
8858
7792
9917
14406
5037
2899
9439
6458
2129
7949
9062
8737
5165
13275
13019
9189
7236
13216
8476
11362
15779
3596
6193
2849
10438
2690
7498
12858
2301
7251
12253
9902
9776
9349
13445
10822
10382
7148
13530
10306
13500
12526
9833
12719
7870
13808
12765
8671
9534
9849
17787
11261
7795
10153
7463
11647
8865
7372
9558
13539
2767
6608
3762
13481
6003
5332
6707
7369
10412
12181
7039
7896
17058
3660
14417
9453
10899
11773
10398
10662
17641
5602
5292
11557
19551
16284
12976
5200
8506
18412
18764
9165
12984
676
15249
8841
10037
13593
6472
10090
7945
5319
3260
10013
4789
13748
15348
5921
6556
10771
9697
17402
6760
4120
8850
8314
13290
6773
15914
1022
10621
9666
16739
3358
10297
10511
6446
6082
11613
5496
7118
16315
12853
6016
7989
4879
17217
9988
15541
9957
10179
15834
11086
15242
4824
15867
9958
11409
7034
10634
3520
9042
9115
7399
5081
16847
6882
14591
6358
13372
9629
8535
6833
5102
12777
7946
16658
6092
12372
3134
6256
11770
4424
6516
5252
7374
4538
9876
14909
4294
6123
6688
11933
11259
5328
7167
3432
10132
4357
11343
5595
9900
7331
10561
3812
12632
6152
5421
4806
7800
3780
10775
2962
4125
2966
5986
13243
17751
8368
15519
5871
14820
10176
9166
9629
10525
7342
9678
11265
10329
8328
18201
11258
17554
6968
10864
2985
7568
11336
7200
9109
9783
14434
13110
5969
8988
8812
17630
15847
5106
13667
14713
10712
8870
10777
12070
9204
9043
4018
12043
11002
9695
13631
8941
15214
11352
5427
10942
10107
7244
11291
9828
13872
6838
2786
10584
5323
6307
16660
11137
4704
12516
7612
15327
12326
4013
14590
3170
8121
12707
14300
11049
2626
1281
18013
10217
17613
11906
15248
8355
12509
10250
11618
8268
8837
9703
3322
11816
13517
7938
8222
9656
9946
12822
14205
11826
8954
12872
14553
15719
7524
9233
15231
9499
16852
9334
11003
9966
5963
5200
9374
9588
11807
7956
19010
12455
8155
10085
5442
4839
16079
6425
12221
735
8237
4706
12019
18644
2164
2891
5684
7708
9739
3578
10083
12885
11646
15949
4758
14758
8029
13311
5520
6580
7611
11562
13874
9839
9768
10555
7242
11421
9103
11814
13112
5913
11446
246
10235
13706
11706
13847
7242
4602
16160
5918
11303
11347
7415
9676
15143
17077
7518
8963
13206
11953
10641
13196
8542
7598
8365
13513
6266
15483
7080
9617
13455
14221
13073
11432
11262
13895
18242
8843
10299
16896
5368
13741
11624
18019
13442
9983
3386
16928
16445
5443
10804
18666
1838
14888
6656
9858
4900
12714
11881
14284
17426
7630
7528
9977
8327
7088
13815
3587
13264
10496
9317
11001
9363
3446
10802
11976
17407
14449
13220
4317
12551
6088
9864
11077
13560
18459
7336
9800
2233
17000
10035
6673
11287
15082
8254
5113
3510
12580
13582
5560
14288
12724
18890
3733
8476
16864
12415
8658
7365
17266
12196
9129
16287
14489
14425
12420
9479
9395
10373
12196
2918
10065
11655
1740
11520
13696
10444
8479
7242
2008
12074
9437
8628
8978
11018
14204
9293
8327
18401
9026
14482
16341
8253
17065
10493
16219
12558
13178
13546
2894
12389
13908
6776
11687
7711
11451
6141
6177
11670
5299
5021
16493
2583
7825
7236
2453
13226
7661
14006
14238
9119
2968
15243
11415
15093
10839
13641
13104
16059
11410
7057
12923
15633
9342
15342
4062
11031
11482
15232
2245
8668
19498
16769
7590
8940
12479
11919
8984
7747
9898
13668
19312
10047
7326
12748
4662
11713
9134
15819
10370
14780
13460
10011
13309
6180
12608
6223
10900
15419
10608
6855
12288
8488
9757
3555
8123
18384
10444
19436
1562
6017
14522
18796
3921
12705
15088
8855
17186
4208
13411
6127
11509
12173
18315
14764
6283
6755
12078
12579
8824
3232
13902
16698
11192
10737
10432
15194
10432
6600
14387
14979
11201
17828
2694
11984
11102
14487
12714
5149
7502
11215
11807
8932
12836
7339
12304
10598
9461
15842
10595
2731
14804
15758
7462
10482
5850
11954
13517
12600
9123
12632
7667
13990
10714
14694
3067
12063
13701
14446
17785
11535
8388
10348
10728
17315
4648
6688
12235
4855
3215
13315
16031
3210
8608
3600
1642
9084
7681
14640
4141
13671
7311
3811
7390
7905
919
15943
12008
3036
5868
16067
828
10246
6345
12330
2250
1981
5417
8164
7163
8821
2698
11386
2975
14380
6468
12707
4656
11216
3247
14192
14956
14114
4671
5885
10108
8974
12176
10218
13840
6700
7750
19367
11416
12465
6834
2865
11889
14867
4667
13803
14516
3936
12195
17252
1458
18105
16064
17024
8056
14849
15204
15736
13751
12710
6764
9548
14699
7029
13991
8339
7291
13715
13918
9894
12933
8625
7866
7935
6725
12742
12567
7475
12127
6865
17844
6977
8002
17548
14135
15656
13947
10615
4051
6137
14604
6972
16577
13494
11658
10232
4620
6397
6958
9952
10446
3572
15297
15264
5442
9182
15688
6274
9659
10027
12831
6227
10173
5483
5628
7282
16451
5877
1394
6505
5247
9587
7251
2257
8334
13636
15247
11322
7897
5257
14945
5008
6098
8554
4731
7032
2509
2673
5186
12079
13567
7391
7340
13293
8224
17819
10147
9976
6418
2794
8999
6536
5503
10324
6845
6915
7176
18286
12076
12458
11890
8881
5809
7339
6444
12434
12663
9656
17237
11561
7793
3553
15487
14894
8826
6921
10334
11810
13716
17428
1986
11957
7890
5522
17002
18267
11912
15175
12716
7667
6479
11316
3096
12014
11333
9678
8363
10676
8656
10437
5986
19512
5933
14354
1110
9250
12019
3459
9102
10985
13974
12814
5002
7646
8744
8373
5844
8038
15278
3133
9822
13034
8358
9662
11025
9658
14014
10040
15018
18082
8475
10253
7046
15154
16092
14122
3375
4109
12708
4604
7122
11437
9439
11912
11868
9980
9154
10072
3934
3935
9867
12293
7919
10385
12877
7065
18308
12895
9037
10316
7506
16658
5940
11919
18309
12605
6616
6828
10358
7868
11260
18644
12493
9076
9052
1494
12395
12276
1235
13617
5459
6777
10178
9316
13524
16477
11175
9762
5718
4256
4583
16737
6607
4369
8618
16443
6914
8857
5882
10333
10766
13248
10989
4668
8200
10534
13732
8819
8991
13590
6585
10743
8661
9648
16831
13006
2201
8596
8320
6251
17597
12010
3115
7076
15778
8772
9755
14919
18173
12017
9958
11658
3039
11704
18927
10585
13797
10558
5185
8076
11006
9680
11773
8235
4576
4007
17038
9398
7681
7789
14466
15838
6379
10586
13087
2530
14567
13913
2218
15345
11458
13088
10428
7630
18998
7422
12851
3490
8713
17149
15442
14951
10001
15408
16421
4422
12811
15432
9056
10404
7538
10576
13791
18678
10846
6066
7267
1707
15290
14898
6925
14999
9536
8384
2550
9352
9321
15887
9403
11026
12154
11946
7165
12098
6177
6871
15374
1897
11358
5264
11776
9406
6304
9619
15268
15013
13146
5899
16021
11824
4051
14359
15974
6096
9243
10299
15032
7526
10408
6100
9551
5802
7129
12066
15107
4405
11643
13992
14078
14007
10505
6102
6717
5931
9829
11857
15849
4783
11120
11537
13444
8092
10116
8113
7583
12924
12780
12683
15358
8383
9703
3625
3308
13939
7962
3363
10474
15550
18948
10194
8488
7325
1202
12528
14031
10806
16561
8343
9192
13357
10462
1264
7231
13288
5885
11768
15658
11053
10862
2478
6253
11332
13124
8095
4661
4878
876
17819
4717
9695
7295
6737
2317
15222
16780
14425
16393
7610
8136
7241
6213
6976
17318
14252
18609
8046
8117
4266
5279
16319
9894
6854
1910
18510
9226
18252
10576
5233
9081
8986
12491
16299
8170
16452
12758
10917
12573
8943
14940
7234
12262
8663
19772
3439
8791
5600
12164
13652
7872
9191
11932
9637
10584
11693
15090
8749
16174
12897
10365
10207
11467
5848
16762
9373
8661
7971
11377
7803
8893
12897
6535
10392
8115
11360
12331
16694
10080
6486
11099
10534
13480
13058
5170
5878
5765
7103
9477
7714
3490
15130
3348
11380
3425
12031
9135
16990
13776
12883
9966
15714
12944
14384
9370
9070
13879
10442
15083
6063
15099
12088
17014
12258
1831
15147
9311
3880
9088
10086
3069
16726
2415
9583
14400
1414
2797
12789
15286
12364
11951
17971
17428
12575
9173
7678
4524
10950
6982
7141
11588
9938
4761
3254
9537
12573
5833
11808
1452
18835
6102
10980
6327
6621
7872
10101
11373
12902
10880
1591
10831
10962
10117
8983
6212
3956
13389
8350
15923
8435
17791
8664
10337
14356
6780
14340
15522
6980
17130
6267
12839
11065
14216
11354
10739
12993
7383
10399
15929
7995
6113
9378
10342
6332
7731
9871
8230
15855
6704
5292
6057
8678
8998
6570
12890
6694
9605
12399
11487
6476
6739
2494
9989
10122
8264
13194
2755
13170
10006
15739
17011
3660
13914
15620
17497
17324
13854
8264
7224
9593
2857
8866
10068
12775
10834
4731
6356
9869
13509
18375
16643
7004
8222
7045
12712
13639
4834
10238
3599
17680
10584
11334
9860
16266
12102
9785
9397
8299
14762
15771
3742
5748
10973
2534
10760
4414
1682
7341
12361
13969
13657
12265
13248
9732
17668
8189
3971
9043
15331
4926
8144
6493
4147
14074
12850
3676
854
2268
1913
14817
6561
10047
15999
4533
7020
6479
11507
10400
9510
14867
14279
17925
13541
11941
17602
1388
5173
13752
13231
14264
6803
7176
6419
9373
13813
13698
9136
9579
10874
17189
13689
11697
9069
11796
16440
7961
9508
13314
11772
7266
9632
16381
11646
6854
12892
10053
15325
17204
9905
15752
4119
1350
11556
14964
16408
17969
12253
10216
9369
15475
3818
4250
16337
12594
6810
15292
8413
17261
10363
12354
6218
11867
17378
1426
11858
8065
11487
13876
10125
10419
17522
10568
4114
14960
11817
6656
13990
9211
13310
17173
12947
9902
12964
14963
9305
19080
12854
11818
12887
16853
10445
15445
4736
11212
10702
2271
9033
17141
11360
7791
12896
12901
5576
8127
14203
5873
1194
14492
1382
5738
13146
4792
5592
3233
16743
13027
6953
800
13352
10051
12965
1260
9003
15500
4160
15175
18305
2190
14605
6259
9154
10046
4270
14046
18831
7882
11781
17718
13950
10227
3514
14473
11722
4773
17498
10380
15726
8168
10330
10324
18072
6367
2757
9695
6361
10226
8029
4398
13125
5134
11964
9979
4998
10392
12123
9899
4330
19106
9409
15555
7780
11997
12241
4616
7327
12342
7026
9687
5879
9115
6203
7254
4337
9381
7867
8572
9773
10513
12372
13734
6641
11696
10161
4748
6870
16747
5582
2662
13067
12722
6035
5639
10920
10529
6690
12049
8453
9703
10537
17359
14668
13185
10813
9227
13300
7521
12300
17850
14721
9218
755
3800
10422
10528
10660
11073
14699
14635
9164
4801
11220
4506
891
9445
12496
12433
11693
15165
6089
2132
16286
7487
10170
11905
5042
10855
8086
18839
6775
9999
12358
8876
11370
15223
12439
9618
6915
12414
8286
11827
10083
4999
14397
6204
11181
13149
1339
16647
11475
11930
1931
11696
1359
11339
3838
2030
18554
1148
9925
6830
16259
10054
11061
12068
11277
9154
8252
17463
6721
8314
11026
17185
12783
15236
8389
12871
13806
14006
8685
10107
9130
14931
15520
2403
6606
11857
3767
9916
16432
1962
12628
14878
16816
14006
10368
10872
8784
2289
7254
11954
11763
14196
8261
14784
14674
4923
16989
9146
4093
4715
16322
13017
16798
8467
6353
10617
9640
12703
7982
8003
3290
9016
11783
6788
4018
9395
2498
18151
14072
16054
8799
13949
16893
9045
6844
10238
9030
3118
6473
12098
16819
13537
6611
7672
13716
12869
15806
13660
2528
10281
5162
12211
5182
6766
10645
8501
3063
9487
9136
5766
6294
8075
14509
10208
13498
9114
6418
4615
12063
5961
12951
12878
15558
8393
4933
13900
11850
12383
6416
12454
12139
6687
11950
12863
15389
15780
2344
17059
10081
15301
15020
11650
3882
8639
5682
8324
15367
15436
15371
4036
16181
4509
11180
5484
8781
1683
9044
16081
16424
14985
2166
2633
7379
7556
8129
12568
6818
18245
14054
8316
7220
12991
16038
14599
6498
7273
5599
15255
9737
8434
9811
1234
10784
7333
12266
14029
14706
4806
11501
5911
11695
5720
4852
12977
12842
1511
5119
8340
14930
9799
13084
15738
12609
17591
9006
7518
12096
3404
13270
14241
6850
6879
11204
13280
6303
8739
12317
9882
10430
10798
13682
11899
16964
5431
7093
1755
8129
4968
16559
17228
10387
11305
15852
13040
11367
11129
11212
9883
17388
7466
7691
4778
6912
6915
7053
8094
12815
15553
13293
4007
15137
8765
13573
13581
6667
8147
9325
9235
8082
5118
9350
5280
5319
6240
8483
12329
7144
9025
8799
10735
12710
12529
10865
7329
13323
6787
8367
10246
8309
11354
8495
9469
13834
9062
16509
10804
17738
6662
4154
10256
11849
12855
18167
12958
14998
5972
17052
11838
12992
9872
6108
7776
6714
8802
11134
7404
8805
8608
8770
6152
8584
16318
10270
2875
14467
5467
8831
7126
6738
11824
7691
6266
14895
12526
19146
16490
7156
9720
6375
9746
7103
14122
17514
10537
16233
4831
6997
5831
15027
10968
9740
14609
15676
9734
8684
11949
13751
4427
16377
8224
12734
15592
9560
10680
12485
7818
8164
14532
2165
14948
6451
9342
12026
10526
14142
10071
10862
9311
6144
14067
4345
16264
7018
9054
10471
15444
9956
2534
10317
13091
8163
4040
14234
8505
12400
14417
13515
8312
6887
5127
10425
13337
10766
8717
11636
8247
4027
17883
8342
17697
14370
10195
1852
11123
8579
11506
12230
5739
3420
16784
1673
3913
3670
13019
3594
1814
8239
8554
15924
14240
11337
9862
9646
15621
15467
13532
13790
11898
8299
14884
11042
5266
4115
8429
18906
10896
3825
6516
5416
9243
10897
10729
12925
11206
6601
11230
8196
5981
9373
8703
12489
14876
19414
12491
12587
14771
7214
13581
13536
13125
12638
10485
9909
15850
9933
6619
13209
7794
8297
16511
4724
9778
12191
11134
7203
12217
4024
13381
18225
8624
6489
9638
12149
14084
10421
10388
10934
13437
2581
11556
14240
2331
9181
11253
3999
4621
10531
5596
14395
2184
2980
6315
11794
9743
9731
16864
14129
13995
3963
6125
10536
11155
7710
12804
15488
12330
12968
7790
13805
8193
7889
15621
9661
7089
13923
14292
10313
10934
13961
11888
7783
3327
15568
8218
11356
1023
10526
16672
2614
6518
13328
10052
11667
9776
3781
6838
12235
11373
13987
12586
15060
13645
12958
4832
3135
14814
11217
11865
14910
10273
13307
5665
9981
15107
5687
8368
10359
1743
7739
11596
10631
12746
10334
6494
12606
9346
16584
13216
8403
9592
5074
10246
5383
11456
7622
5757
8521
15510
15821
13157
7829
9749
3867
6389
7641
18121
16647
10854
9415
14209
10772
4347
4825
7205
10919
4482
15570
8570
13549
7117
3646
9315
9015
5028
7889
8173
15559
7011
5083
12790
13635
16510
7857
7699
2745
8006
5464
9390
12900
5615
6362
8507
15366
7713
8791
11859
4128
10688
12506
12449
18613
14349
3186
3965
7215
5933
12425
14555
12663
7296
11828
12937
2933
16999
11070
13397
11665
9169
6894
13643
15420
6744
13075
7398
12624
12602
9259
13116
8221
10336
14973
11680
10537
10545
10337
4247
12824
15362
11347
17046
10160
3834
14245
10667
12474
8112
3794
6789
13346
14469
14229
11200
15115
2009
12028
5843
7761
10663
5684
7178
5039
4662
11434
5870
15139
13872
10815
11830
14341
7802
11951
7614
8732
10775
12312
11631
9596
11594
10450
11221
3213
4014
2871
9016
12388
8990
12225
9461
7585
11725
10895
12658
12355
10580
14422
17451
15952
10721
12718
15093
18317
8502
9744
4204
10905
2637
14696
14996
5900
8913
16435
3367
13238
10268
9234
10119
14854
17152
9290
14632
6344
8347
5269
10797
7978
10549
11483
15858
7060
9733
10544
9256
11179
6349
10470
13369
10956
13263
10470
6451
5531
8271
9972
10791
9311
8736
9433
11606
13457
3787
14345
16151
11578
10582
12532
9553
13090
14134
4657
11856
10858
10177
17642
9962
5147
10436
7258
7498
5059
13590
4172
14711
7321
15734
9180
8653
10887
9388
13318
5038
15805
10662
11118
14605
5299
5530
10396
9437
4496
8753
9115
12772
8941
13941
6920
16133
9862
4844
366
12566
16702
4192
13746
7520
11506
975
6384
16033
7669
9345
4362
10018
1331
10612
17018
12770
16683
13523
9648
11377
10022
10833
5158
13493
12249
6473
11022
9892
17706
5811
12740
7501
8248
6207
4773
11755
5346
9316
8511
12387
8353
16428
8056
7138
13179
2248
10587
8048
17127
9437
7249
14808
12838
18508
3288
4814
15165
10074
10269
17097
19219
12072
15447
11347
9785
16235
11034
5039
11522
14279
13500
11859
13041
13648
8203
15815
10091
9933
3418
6226
7473
9295
6210
5085
14235
11598
7514
1809
8096
12924
8906
6426
2036
6298
13049
11362
11338
5384
11345
17985
5242
12371
5746
6016
5046
12847
13089
18360
4691
9636
9886
10968
10712
7829
8582
10341
4455
12932
2302
6749
6946
14005
7928
4216
6079
13064
13907
6247
9441
13029
2596
4551
11492
6310
9138
10198
5361
7880
11978
8613
2302
6729
14768
13533
16109
4938
5342
14815
9679
12388
6890
6661
2198
10949
12990
11292
3946
16910
2757
5629
2414
16630
2762
6350
1628
13962
14029
9825
14221
3109
3042
17912
7830
12056
10674
12159
10957
9901
9292
8865
7694
12142
8860
17006
11798
9349
13573
10885
11140
8344
16035
17607
11998
9769
6463
14914
10518
4936
10783
11516
8412
12830
7183
6094
12066
12842
7646
14151
4309
16342
5258
6690
13720
14211
9922
16142
5649
9376
11746
17508
12614
7323
9856
8962
10803
10347
5618
7248
5016
6547
12596
8681
7071
13782
2585
4391
7051
4516
8599
10130
14191
14521
10220
11852
18639
5585
10145
8537
17733
1443
12668
14574
12958
12036
4329
10016
1702
11034
5364
6215
6694
14295
5124
15818
7857
12232
12153
5654
18601
15725
6209
10508
12983
2538
9838
7760
9611
8781
11241
10297
10918
12329
12040
9943
14729
8982
7761
14259
17385
8150
10960
12812
4319
4363
11603
10068
12597
3705
15788
14337
15668
10513
19161
13230
10626
9178
9997
11215
6289
5286
5647
2173
6808
11939
15878
8522
12299
7680
9217
17064
8645
10488
14586
12014
9986
10528
18064
6583
14933
12877
3856
15063
12197
16673
6358
13963
12685
9053
12507
3555
13778
7183
5840
5771
7698
10642
9107
6767
3856
9071
9884
4275
10190
8897
13454
6951
11943
8131
3309
7614
11610
7971
9369
11077
10883
6144
12239
12393
9158
16887
12798
11605
7029
5229
12697
10403
10155
10432
5816
9101
10715
6524
7427
17145
9264
14606
16928
9508
11356
9704
12989
3769
11185
5373
8416
9111
8778
17494
9961
11847
17729
16697
8073
17671
6351
12540
10188
5190
9569
13785
7742
12525
7587
15431
7363
12183
15492
8807
10493
12051
2911
8890
12662
9884
17347
9273
15622
10668
10873
9815
8786
2385
9935
16900
6728
9978
8952
18148
18357
12902
10758
9853
9381
8646
12029
17547
9517
14152
10182
12585
16357
1959
10490
15980
13549
9962
12818
9744
5744
7863
15908
7647
7105
10286
12851
13255
14492
6279
14378
12888
6551
3995
8074
10627
14833
14297
9310
5223
10095
6408
11085
7564
13934
9618
18809
14352
17116
3787
12086
11713
11962
19422
13363
6745
9211
5462
11873
4930
9575
9528
12462
9154
12228
11121
10061
2995
4254
8704
9766
3780
7659
8330
17679
8044
10514
11048
7807
8909
12199
9759
8274
9693
7876
9203
12904
9325
7635
16448
9974
11625
14772
16169
11931
1671
4166
11801
10539
7673
2596
8764
18916
8769
7506
14570
12416
7025
14277
2472
7330
3044
11927
12993
2691
9940
16599
9846
8554
1123
9242
6246
7297
11551
15524
4136
13575
13407
4730
7027
12474
11767
4727
9996
9286
4752
5870
12891
3327
13799
6578
10762
10525
8361
5977
15382
11411
10229
4172
11181
10403
17394
5989
11201
10137
13577
11994
9573
17565
14127
12379
4698
8420
11689
4211
1458
5157
13591
11843
5872
12499
7751
12846
9718
7019
16658
8764
8598
11694
15185
9512
10519
4552
4872
4311
7431
15603
10361
7916
7916
2981
13391
7692
4338
8631
5291
15224
15516
11681
8877
12893
8212
6900
9649
11357
12458
17549
5140
10544
7332
8060
10022
13842
9414
7687
10572
10009
15430
10063
10784
8055
8463
8147
9903
5788
6923
12563
9837
11541
10985
2952
12515
19398
8928
8435
17234
18362
4799
2006
10610
4642
14348
7185
9019
8846
17012
6971
10168
6530
12184
14217
7808
14173
11795
6367
16678
12644
9976
10620
13965
11705
10321
9562
7752
4996
7410
12059
8146
9588
5115
1404
12374
8228
12935
10404
7372
10582
9843
13593
12589
16588
6860
10627
3936
7653
15228
9902
8514
9010
6036
3758
10581
10160
10838
10724
7751
18836
15015
5971
16032
17059
4442
17919
4149
3463
9049
9003
14267
9111
4677
13943
6203
13393
17652
9226
8397
4000
12304
4852
11555
12047
4594
9292
5623
9376
10943
5434
7860
13773
3600
11900
11990
13893
14173
6156
6118
11742
8311
4982
12143
13293
3087
15641
12963
6460
5120
4912
10614
10461
6609
5925
7524
8848
11406
15181
7245
12044
6258
3986
9804
18489
7864
8387
11265
8675
14521
9657
4972
16939
1391
15336
3299
1676
7769
7835
15165
11555
8783
14214
4199
16978
10194
9823
7845
13304
7939
10579
5076
2556
6973
15829
9420
11523
6383
7308
11331
14712
13627
5748
16706
13413
10398
7644
11656
7378
13296
3475
9647
9976
16143
5670
14276
8057
10325
8431
11914
17086
11246
6845
7635
6943
12838
6351
17176
11220
6317
9850
6328
13904
10769
2741
9588
7701
7262
15500
14177
2180
8269
12205
11212
7820
13020
9882
8282
15058
15177
18087
6684
11010
15743
5196
8009
9640
8613
10779
14327
2762
18975
18455
9134
12661
10370
4485
18297
7353
7414
13018
8983
4406
9912
16477
16490
6994
14587
15426
1667
13440
10596
18149
12479
1990
13461
8022
16723
12745
3968
12634
11166
4980
7781
14883
10255
6895
15307
8801
9603
14033
14857
918
10838
13624
1942
7025
8591
7919
14174
4879
10182
14337
15875
9629
2988
10303
8423
8483
13941
5829
11072
8048
13917
8742
7826
5225
10804
9852
8109
11215
12200
4353
5445
15293
11297
7974
10330
11091
7399
11395
12511
12292
5238
2701
17033
3502
4491
8913
7045
8380
18034
12473
11435
8020
6101
3118
8739
4634
6610
6382
16659
11933
16797
10145
14111
17593
3936
9567
9983
6912
6059
13755
10848
17833
11132
16509
5860
7998
14698
5556
5725
13660
2273
10443
9872
3750
2793
9786
4950
6507
13594
12930
10515
14818
18129
13079
12582
8924
15376
12520
12130
6587
10128
7620
13049
10217
12552
8805
6780
3690
13054
14171
2566
15900
7872
4951
7396
13983
10618
14363
11140
3016
10432
5817
8149
7530
15333
12249
13855
7603
15626
14436
16797
12307
5433
10140
10307
9323
7683
13361
13704
9740
15298
5994
9196
9938
8855
6902
10907
2125
4936
11971
14479
15041
5493
7050
11998
7292
7838
15507
15940
4561
11581
5858
9730
11533
5658
8968
10208
11355
8764
10307
14253
3469
9942
11829
13479
6088
13264
6604
5338
6718
7050
10190
2401
14720
9008
17337
1684
18057
12488
12918
8039
10083
13657
3354
10234
2697
11168
9952
7139
10143
2405
2114
10992
14774
5466
8504
13052
7514
10684
2057
9999
17259
16701
13793
11885
12692
14121
11086
6738
17652
16256
4767
10153
8722
5855
812
10944
16078
7988
10542
6511
6869
9801
11156
9223
7799
10374
7493
7553
14070
12404
8319
12012
6402
13324
6227
5587
5877
6460
10983
4898
7515
406
2154
10281
6776
6516
7795
4901
14882
10198
10766
9614
12933
12734
14461
11754
11962
12395
5529
2101
770
10106
16204
11819
9587
11252
13210
12406
12348
2763
5476
7842
15735
10611
11970
6275
14036
6714
14095
14030
9606
13092
5204
8015
16990
13418
4352
8963
13259
16760
4993
13378
2123
8325
11330
8957
6694
9161
10253
14859
10659
15120
4945
4155
6363
12490
6657
9441
1369
4055
9177
9045
4118
6826
8087
3377
5370
12815
15285
7577
6944
15709
4993
5086
5621
8119
7561
3375
8076
17813
3647
10319
18744
8390
9162
12030
11444
12413
11947
5503
12049
7775
9844
16699
13113
13140
18407
4834
15650
3885
14601
6328
19063
12482
5296
10339
10665
16013
4674
11134
16282
13605
9495
17250
4370
19016
6107
11369
6790
15238
10893
4841
2750
1126
6270
10621
1945
6300
9019
9290
17390
7768
9059
7726
12045
6992
3951
2611
11743
3183
5055
3271
10735
7496
2178
14904
10502
8475
14515
14467
8223
17612
18701
7933
16665
7516
10328
17777
12120
9875
17471
12923
13805
6592
10304
16642
11576
9760
10830
9780
10570
11921
3492
4667
4031
8967
5675
14883
12345
9561
5241
10234
13161
12504
9448
16897
8637
13621
17574
13150
5535
12163
9416
6099
14876
9820
10920
5991
11810
7131
9838
10333
15550
16014
7652
3787
6691
16159
5704
16925
16975
9754
12210
11034
16945
14335
14897
10668
14031
12630
11255
10280
15074
16759
7753
14063
15840
11681
4970
14774
3585
17756
9187
11634
4162
6663
9740
12422
16086
8297
11923
7624
11585
12165
8372
11175
11457
6792
6412
9272
8101
11403
11934
9007
15711
10915
8720
4454
549
9564
8968
13584
8729
2831
17860
11126
7094
6506
5411
9752
5522
10517
8263
3604
10648
6791
16614
11801
9808
9542
9439
15390
14958
8265
10115
6899
11389
5288
1445
13873
11119
7117
10097
12133
9904
12984
7752
18582
12976
9432
7570
4138
2806
4020
13728
5401
13968
11636
10494
16676
14502
2447
739
11318
6934
12216
2493
8873
1188
4959
2548
12468
11936
16935
13284
11885
12328
12746
771
8543
10225
11266
16169
13426
8441
8628
17802
13860
10611
11224
13463
4386
16499
14267
3903
11328
16275
12255
8142
12509
9474
13925
13994
9719
13989
11206
13111
2300
11783
9585
18437
8870
8915
9862
5862
12696
6213
5318
13464
3871
7741
7611
6078
13167
11889
6251
9073
14095
8951
4102
5386
5559
6126
7216
7674
16102
15221
5325
2681
1866
13005
7601
12296
15476
4712
11471
11786
10754
9668
2912
15410
11815
14488
7339
17395
14445
12731
11536
12800
5332
2000
13963
6538
4404
9041
16252
8091
6843
14267
12452
8796
11119
8002
9259
5078
4668
7747
13570
8757
5899
17050
14010
9277
10424
4091
10615
8831
3470
9799
10341
10026
11013
15400
13819
7965
11012
14575
9213
14931
16453
11571
14614
4211
13589
9871
4298
4347
13080
15303
6610
12970
7340
8053
6807
11600
8359
12089
16278
6467
5720
9206
8942
10737
9654
5274
8365
9294
11199
17667
13036
10324
11495
9777
7771
6698
15289
12566
15812
12605
8401
10787
11533
15176
10134
13445
7520
9975
8887
9494
15054
9205
11155
13630
14132
1491
5876
2003
11416
12846
9080
10130
9117
8321
15266
10071
3064
6072
3753
13892
11346
16770
16717
17336
5010
11446
5531
13395
13442
14413
8587
8086
16467
12225
16565
10810
4205
14191
1762
8114
10767
3566
6545
9060
14086
11401
10663
10680
9053
12759
8079
8940
6557
5912
7363
7796
15347
6190
3734
10938
11427
5903
13587
14629
14897
7316
7309
7965
15740
14891
16017
6643
13107
9611
7139
10070
1945
9714
5262
14527
11733
2192
8101
11967
9445
8705
8602
3180
10885
13959
2398
5647
10004
16229
6058
4482
8952
5891
9539
12654
3773
13503
9412
13141
18531
3730
7482
17978
3796
8162
14020
6702
18377
11786
9508
5956
8505
14713
8848
9977
7659
7366
12142
4390
8607
4849
10606
11008
9555
19604
9939
1402
7726
8123
6675
9362
10864
4885
14777
4354
17237
15069
16164
5884
11576
3841
7401
5369
14063
10758
14297
6833
9554
13577
16404
16775
6190
6893
6979
17132
8266
19128
8920
2556
7047
9130
12491
5563
16740
11788
9775
12193
15815
4673
8216
10408
19131
10262
13091
6445
18836
7836
10597
8784
5243
15889
8191
7335
6225
5858
2872
12684
4859
11817
8469
7146
12895
4043
13789
9885
9751
10402
9264
14653
8803
5340
15834
12737
13676
10404
5521
4859
7940
4613
8082
13465
12033
14832
10662
5844
5406
10198
11914
17343
6545
13143
4355
13188
9611
13082
4060
10936
13120
12801
14312
2303
8887
13663
10845
11800
4163
12163
15652
3517
8561
12014
15852
7773
7777
11810
15572
4512
15672
14318
18239
6614
13766
9976
3186
13739
9150
9778
14113
13030
10830
3036
8011
2623
14783
9257
5763
10834
13706
10710
13361
14048
9260
6571
14084
10672
13499
10374
13963
4250
12643
7177
8437
9698
7878
8092
13914
9161
5023
11956
744
13079
12690
11163
9155
8104
11626
5614
12349
11263
8426
10524
6903
4572
14475
10091
11861
8520
2975
13909
7802
2986
2704
14900
6618
17986
10926
10088
17252
8812
7541
12355
14778
13011
5968
5294
14343
12255
9586
11158
18726
10304
10358
6537
5054
4746
6959
11054
7035
12196
13690
9478
4828
7786
17944
6026
4440
11730
3075
4169
6322
12485
18723
14075
6661
7818
12820
13793
8086
3823
13227
14461
2532
10577
13516
5497
16368
12176
10577
9906
11580
16645
4079
13808
11074
7253
10185
10081
13316
3733
8111
12079
16268
5923
9563
13140
6258
7304
1985
15208
11449
16419
5936
7056
16216
15141
5427
11511
10532
3949
5968
9353
8635
7973
10476
16385
7402
12618
4713
11648
12225
14314
5771
14757
15965
15457
11204
12274
10525
9516
8837
8336
10466
8635
9685
5166
12483
8619
8012
17263
7490
7672
12939
3942
9250
13523
14769
3383
5518
13119
7712
12522
10471
11155
16278
7870
2899
11520
10898
8360
14329
10940
6448
3390
9047
12579
3852
6011
1651
18215
10993
14403
3389
8788
6795
10788
18089
19280
15109
1913
11884
3621
8649
15467
15856
7287
8825
16150
13966
12854
4792
10943
8077
6477
15597
16400
8291
18626
12357
6298
10481
10471
11628
4226
17913
11765
3429
4643
5635
10101
11271
14123
5578
12855
3196
8854
15444
8393
18652
11724
12406
8327
15255
12750
9500
11181
5706
10334
10758
11926
7751
9394
5515
9324
6760
6141
3596
7705
16496
12448
6013
9471
7991
15708
14754
18113
17473
14757
11647
2565
7836
10278
5880
15692
13849
17428
7179
4285
18465
12976
10333
14782
4949
6204
9975
14061
6532
8300
7731
10197
11190
17794
3582
2596
4779
7972
9366
8328
8648
13617
8709
1843
4721
6712
9544
10386
10888
4513
19318
9223
11738
8266
12654
14478
10182
8983
14830
3190
10026
1061
13164
13010
8687
13932
3688
17511
9406
15588
11428
8772
17218
15910
17639
10655
8059
9941
12223
10685
9530
10675
16828
7701
6667
17351
2412
1466
12937
10734
11886
10946
12164
16577
9246
10705
10935
11051
2271
6701
11099
12443
19235
5846
6694
11805
3378
11230
9048
8986
14126
16128
10129
9177
4988
6748
5341
12303
2158
2156
10137
10138
15771
11764
18232
15818
5851
10125
11831
13790
10589
11964
8786
9563
11473
8854
12035
7832
5768
18033
5756
5416
11208
10294
17547
8916
3679
6772
14205
12467
10762
12697
5721
6012
9183
18194
6954
9252
15503
13907
9039
10245
9112
4240
12410
11700
13437
11378
13985
13353
14140
4460
14215
5611
12315
11826
7750
6776
4498
9237
9486
9138
4392
14787
10611
7897
18746
8550
15127
1736
5440
7853
14691
12758
11056
5155
8342
6171
17513
10168
8156
11931
5832
12568
3700
7459
6925
11388
12646
6215
11550
10598
4719
11683
14081
9413
8973
11845
8180
4821
7775
10078
13945
18078
11022
13000
14720
11522
13072
7080
14113
8448
6896
13301
3763
12365
9460
1648
9320
12701
16724
11972
4708
12645
15756
10343
5276
8365
11789
9953
8845
6148
13820
14415
6580
16187
10931
10158
10711
12476
1587
1746
7962
1741
7186
14362
3069
9745
13716
15439
3038
12658
11548
12312
14677
7783
3960
12185
11403
4380
8324
10031
18308
10044
16642
11378
16168
6353
5910
12679
6158
15909
15402
4746
8372
8100
3276
9851
10612
12666
8085
9638
14434
11025
13713
9989
3223
12694
10345
14488
11975
10823
9776
13189
9626
10347
12605
4668
1385
16441
8454
7674
8681
15713
16865
3153
5494
13149
10059
4715
7602
16454
10457
12657
12225
3293
8234
15061
10391
14999
3680
1506
11185
13501
10050
9986
5985
6917
10267
4637
7730
12228
7954
5584
7121
11012
14145
19032
6230
5631
13456
2989
11114
8588
8539
5634
10214
14938
14207
8276
6514
11186
10864
15046
15457
12431
11702
7412
14383
5957
4635
15544
12157
4780
10061
6750
15049
12643
10860
12064
3774
4288
12619
3701
13108
6278
10307
18003
11361
7886
8544
13406
15279
12211
9146
11514
15122
7452
12910
11096
9868
9171
8254
11696
9014
10094
3277
13856
8605
10105
6694
13375
6477
12262
1037
8109
13438
6489
7161
10365
3177
16439
9368
10420
9067
14781
11200
10282
8040
12472
4959
5391
6919
9147
11827
12962
15379
3220
8753
8129
16869
12639
3770
11154
8170
3593
13263
10583
16274
13321
8298
14866
1092
7481
18078
10371
11224
8424
14987
13157
12260
5343
1144
8413
8361
17280
10722
12097
16586
14365
7893
15021
10451
16817
14785
4005
9430
8923
7980
9752
8127
14761
11885
17015
12791
8544
18822
8859
12421
10121
12004
6956
12531
13769
18624
12261
13259
8304
10234
19024
9406
5470
10191
19262
9062
15227
15271
4262
3473
7371
10610
11554
15711
8071
7883
4379
7369
7279
6884
11934
11335
2423
5698
7113
7421
10325
3174
14606
794
13889
8829
7728
10823
9169
6959
19063
10969
7604
10875
14895
8260
11737
6156
19376
14429
17389
14239
4867
9182
11826
7843
13491
11432
4537
11223
12366
6414
9973
9503
4929
5320
9897
10141
7325
7857
4522
5450
13571
10871
14599
9301
6985
10124
17342
1716
9914
7294
19300
6336
12168
14835
12599
16465
6224
9687
12134
9549
13760
11486
15655
6077
12944
7141
2567
7928
10375
16835
12106
8201
13341
915
9581
10003
16492
13499
7396
3125
4708
7994
10095
14716
7743
6150
13909
9939
14944
4486
10377
3274
1387
8073
11758
8181
4169
6446
11155
10145
1772
10507
3351
8340
6710
11877
12726
13012
7333
5603
11341
1909
5368
5184
12225
10829
11624
5087
7191
12328
15312
13693
1117
11209
6849
3894
6005
2757
14162
3305
9623
9440
14527
11633
7012
1972
3575
9419
11428
9497
10145
11875
11900
12932
8927
14209
16723
8855
7234
9321
9858
12924
6015
7182
12029
17481
9128
10086
10343
8852
5608
3229
13064
12639
11629
17249
15958
13977
17926
8475
6896
11186
8019
6109
13348
13041
14375
3993
11061
3147
11297
3235
9627
11936
11077
10212
11776
6702
8081
7215
6829
13090
5585
14053
16421
8394
10300
7679
7898
16536
9083
9654
13557
13361
8225
5771
16241
5315
8649
7530
5624
11846
16610
11261
11846
2542
3603
10845
7609
11502
10191
16297
8840
7317
3685
7969
9828
4291
8397
6357
2407
6581
10152
5876
7042
9005
13710
15426
19620
19096
16647
11671
9585
11971
10572
7282
6284
11695
16699
9609
14007
2734
9326
5675
13609
11309
17247
5788
8000
3873
5145
7904
4076
10572
16228
7220
7852
7009
7171
8830
12866
6446
12175
3299
9052
5101
7384
11979
11663
11291
15437
10831
13874
13173
5934
10883
11198
5266
18621
9903
4794
10927
3418
6343
8163
8381
8850
5947
8813
6475
6532
16253
13744
7458
5495
9095
17773
15173
5633
11682
8209
2806
14684
12489
3284
3655
15378
10252
13189
13248
4127
11678
5070
18501
13777
6261
15656
11750
10526
5599
8611
6331
14572
8521
9702
9150
16818
17490
16737
10705
15232
5205
12387
10285
10251
12132
4196
15556
10455
9235
18551
9396
4623
2667
1936
10930
13044
761
5794
7402
5987
17612
13407
8010
6302
9429
4687
5631
4769
9726
7081
10225
13144
14614
17441
14041
6960
12670
13879
13285
10630
14092
7893
10037
17079
12072
9478
6990
12341
10619
16326
12268
15372
12709
8323
12137
15062
16034
15009
1026
17596
18953
14454
12403
10252
5634
10387
8920
11897
7715
6681
8233
5138
6459
15746
11293
13290
9475
5246
13595
13957
11134
12540
12809
7093
17365
3081
14574
15273
7423
17575
9771
8019
10369
6533
1469
18603
7540
8067
14639
3577
7991
3010
3935
9006
14711
6428
16504
9139
10417
6248
6164
9899
15052
16757
8535
10752
12401
14500
14750
10399
9146
3001
17626
7934
10517
8987
11738
9441
5909
9187
18292
16379
16406
9734
13443
3323
9665
10001
7521
10745
17527
7424
11323
8761
8472
10732
6945
10163
10696
13565
2737
8490
18621
15104
9131
6886
11934
8628
10232
9546
17099
8175
16448
12803
3645
6693
15962
17843
10026
13431
15149
8520
3685
15751
16298
11679
10985
6497
3602
3635
8375
2687
14567
1626
2533
12808
8080
6528
10237
14741
6632
8990
15332
4109
3846
18885
3481
2911
11159
11699
5005
10433
17595
10260
5592
7073
10478
8900
10608
7448
16162
9381
6963
3101
8591
14522
4715
15738
4621
12848
6408
1494
5041
5401
8813
9160
8240
7324
6243
8736
14282
11135
7269
4013
8280
11160
5839
10631
12107
9234
10643
12248
15993
5848
5408
9774
16899
14097
3191
15116
11324
1568
4340
10748
9994
10071
10138
11282
13655
4720
10771
7810
4461
7248
2724
14533
17697
10269
17358
14837
12761
9751
12639
9031
7220
10765
10007
11070
5893
11178
3388
5371
14516
15828
8419
14637
10984
10431
8126
8973
8623
12394
7371
12155
839
14587
11748
14369
11007
7197
9920
3310
8928
17232
5909
11457
8649
18570
12723
5637
16763
10494
12886
6537
4117
8728
14626
3999
12133
6016
16493
7982
6732
13867
16334
15722
8785
3370
6489
7326
2699
13702
14447
9935
14341
10031
8833
8682
9975
14077
11110
4816
11426
3329
7150
3930
9415
6230
17094
9500
7525
8623
12953
10979
8911
1943
13914
5327
4002
2311
8368
10059
9283
10704
14216
6870
15144
7156
1855
13731
9546
3494
4194
1504
12886
8405
5465
11743
10164
6535
11707
18826
7955
14007
6823
13281
15173
8885
11006
6619
9612
17852
15251
5236
4747
12499
7881
12363
10013
8350
9517
12262
11113
6761
6945
5068
3813
692
5220
3535
10405
5478
6417
19531
9620
8675
12219
12883
11140
10860
8433
13699
8850
14016
13025
13094
16291
7126
11823
4547
13596
9637
3215
4556
4869
7849
1348
8253
8645
9678
8877
14158
4050
6934
3351
6374
17408
8172
11236
10387
14498
8464
8841
11454
4395
8215
16609
17498
9067
12887
18617
11126
14329
12057
11084
10729
6089
13190
11321
11475
14832
18046
11120
11159
9033
11663
8716
9085
14793
11318
8996
13219
6649
9073
10109
12744
6591
11793
15391
10604
6055
14780
7761
523
14064
3839
12944
10851
16173
10269
16826
2985
12860
10186
3139
9028
14818
3023
6731
10542
11740
12913
10498
6984
16393
14714
9324
5694
14239
3141
4784
5630
11387
4888
12201
7971
8869
7682
3705
11447
14626
12374
12919
5191
5711
7242
5910
6451
14231
8120
5828
15781
6033
3122
836
5246
7083
8468
11098
6219
11048
6361
15391
6961
13210
15111
10231
6439
7062
8707
6835
16065
10630
5683
10899
13946
4419
15259
8529
8490
10007
9833
9903
5558
4891
7568
13627
7406
7225
5043
14047
6423
12002
7334
5664
11327
8483
7670
137
10761
6551
12164
7372
10790
8068
15425
17527
15991
18940
19117
8208
5685
7956
6838
12937
8532
12281
12373
15676
6955
11702
14916
16934
14168
13290
5888
6434
6301
10338
7893
3443
1821
12531
10787
10062
11007
2827
10051
15888
11046
10208
12437
10269
10089
936
6587
9817
11865
11660
5964
9452
12544
11953
17450
9518
6077
10839
5425
9013
4420
2554
9738
11178
10129
10608
3618
15772
11396
14166
14623
16399
8820
4623
11051
12464
2643
5538
12799
6688
14963
1728
16413
13801
7930
5712
10708
5958
5703
10126
9625
14932
13017
10057
8946
4154
3099
15196
8791
19083
6020
11978
13260
8961
16629
8423
13438
7580
15586
11329
17089
11147
10422
11461
8045
14991
8045
6204
6667
9325
9662
12257
10160
8613
6533
12985
14481
15571
13181
9526
10282
7054
10543
15985
7481
9565
12116
9300
7068
10728
6911
8985
4198
11705
7943
17663
8452
15610
10681
11616
12315
8010
12060
5763
10633
11787
9261
17994
18034
6248
13635
5964
7686
16494
12227
9233
11996
1677
6315
15888
9341
19902
11153
17471
6653
14222
6688
11435
18113
5445
15095
7586
17330
7499
12112
16003
10120
15465
6507
5870
5713
12507
2983
9480
7279
4141
18661
15818
6399
5047
8466
1725
16012
8918
9184
8385
7585
12709
10243
7072
8876
8954
8349
8938
9850
15019
10443
12312
2991
11680
11427
15187
6367
8636
15493
9541
12330
14612
8676
4483
12944
12251
11655
12549
11202
2231
16999
10697
11666
9033
14098
4235
16126
9811
11455
12384
9204
10491
11903
4563
3622
14791
16918
13044
10230
8450
12411
9812
10589
6043
12029
11852
12120
7502
4441
8890
11565
7742
18228
16125
8272
14548
12669
8278
9393
10712
1806
18066
10318
13359
3042
12823
14989
8500
10408
7085
8257
8419
15051
16891
13724
11276
5577
8513
10318
10655
10475
10673
9452
11386
10151
17596
9162
12039
5418
7714
11944
13728
13741
9770
10467
13774
2960
9112
16325
11329
8027
10293
13998
6811
16672
11263
12574
8842
9939
6729
11741
10405
14007
12523
5424
12217
1834
6049
7548
17010
3741
5541
8674
15335
12052
11723
11625
13904
10702
5022
5689
12283
6103
5117
17547
16928
9458
10307
12261
9450
13117
17162
12359
9432
9255
11893
8048
4228
5215
13212
530
6755
8018
10824
14466
13648
6856
15031
934
4982
11623
10542
13757
12880
3173
10791
11642
12747
6369
8996
9254
11124
16159
8031
6028
12693
2593
16380
7064
10732
7113
12997
14478
17472
4724
4389
8168
6441
17078
10479
2894
7110
11817
7248
4511
4526
8561
13084
18676
10241
9728
10083
9200
4929
16406
12089
7638
17494
8099
10097
15427
14236
11204
9735
6933
9633
10959
17262
15299
5494
10305
3712
9489
12807
5004
12905
16583
3478
9870
10372
9542
6170
8779
16068
1977
7545
11851
9282
11519
7986
14049
16012
13441
7477
12704
12819
6911
8155
15126
5178
14843
4795
6685
7091
17927
7433
5025
18017
19288
4482
2401
5999
11699
10413
7434
5689
7371
8028
13618
11318
9254
8929
14900
11802
11499
7942
12641
8621
10800
10221
10034
5921
12747
10518
14477
13318
9643
17067
11900
10493
7857
6355
5080
13895
6716
9525
12733
3212
4804
10903
976
5718
2822
10573
10711
7177
4910
8124
7566
11280
11544
6441
5308
6111
12443
12099
10291
9448
9660
16892
2849
1644
6659
13159
7196
3916
11598
9371
9070
9724
7904
10340
8697
14014
11572
7785
7682
11237
11902
17623
15190
10542
14603
6399
10803
4242
13354
15960
13429
13113
9937
8479
13032
1017
6819
9440
5589
7853
5305
16570
9432
16577
14452
13896
15215
1940
6965
11829
12841
10340
544
10726
2468
9031
9186
9291
5470
13167
1110
6860
9482
10536
11925
5501
17917
13484
11975
13652
9144
11273
10988
15062
11842
5438
4350
14687
13804
2984
6646
9552
10681
5731
16304
9804
11123
5539
3403
13979
7888
3607
8069
12423
12575
6659
10245
12841
1952
9935
7012
9114
12578
9303
14313
6637
9052
10792
7595
14404
7678
14799
9980
11555
8918
9246
12990
3122
12071
10608
14765
1290
10193
6349
10705
13367
7225
5363
12161
8194
13818
9715
8506
5083
14321
6018
9288
11961
8446
12678
10824
6590
6917
11607
1578
9215
16298
4909
7178
14437
11091
9642
6819
5269
18970
17120
10345
10548
8370
1750
7365
4400
5305
7524
14711
15743
7826
5239
13343
8968
4808
17517
18856
14178
9277
16230
15951
13010
18997
5500
15199
2216
6631
10376
14317
10401
14488
6040
5041
5979
15204
10017
8249
14172
13561
10011
7268
10843
12388
9283
3267
17591
10307
2861
2907
8723
6460
14675
8119
11012
4872
9497
8660
8746
4263
3162
13122
17046
13443
7835
17805
9871
11651
14383
6099
10507
9123
9465
9401
11538
8000
16603
10864
7258
12614
8769
14356
16445
12245
7539
5279
12020
9811
14892
11457
5582
9244
13285
7595
9823
11045
12388
6290
3169
12365
13232
11459
14753
8499
13187
14188
8470
9067
12597
17708
15928
10070
9564
9855
17601
6147
8923
11495
7934
15081
12654
1652
11758
8290
17382
5833
13809
10684
1321
15165
11817
8813
7975
3472
9358
16087
16880
8545
11162
12051
11892
7264
6492
10836
11192
9441
10018
6454
7618
12959
7537
8044
15842
14816
2483
10958
7457
11837
15227
14468
11379
2135
4868
12094
13925
12167
13156
7640
3155
5059
12029
5422
6001
6140
12637
16705
9927
4470
2840
6338
10675
3637
5070
5534
2791
9273
12020
7011
14659
1954
9169
10371
16557
12947
10463
11572
10496
7676
11895
9201
12862
18565
2225
5608
14138
5942
8926
8756
10211
10290
10046
14519
6128
8813
11759
18120
5544
18559
11319
10063
7138
5117
15023
13310
10984
2262
14520
4278
8034
17729
10163
13471
11591
2534
7959
4720
4956
10218
15470
5215
6187
10191
16019
10412
6618
16550
13047
15194
13813
10255
9384
9573
6574
10672
8729
11205
11476
14680
14922
14253
8643
11027
12586
9034
5711
875
9675
5787
9298
10998
14107
18353
9009
2137
3534
8178
2604
6572
10835
647
3954
7994
4677
8934
5651
7410
11193
10751
7853
6840
11985
12621
9631
15188
17505
16069
10064
10496
9607
17772
8420
10424
3651
18874
6770
18300
13436
12401
2819
2590
16130
7192
8133
9991
6176
12054
12002
13267
12711
12566
6911
10941
14492
12470
9989
6693
9130
5018
6984
7707
5477
16814
7647
12189
17631
2546
4677
10298
12239
9186
13238
11051
8823
12335
10135
11673
5211
15796
7624
8627
8148
8854
7366
11051
10976
14538
7878
9287
17068
15213
13425
11872
10781
3257
11061
12717
15762
7442
6131
11791
14140
10380
13679
14129
6699
10656
11638
6875
9253
9882
14721
8580
9580
16316
13573
5525
16197
15141
14630
6977
11317
13216
19219
4431
2928
17843
15970
10837
17855
10319
7021
14552
4455
12150
11668
9471
12170
11349
5484
8917
9150
8766
14945
12432
12165
13286
4004
11460
12939
16600
11795
13001
11465
10763
9187
4418
11851
5218
11844
12301
15809
9547
18834
10977
10971
15438
16356
12140
8198
10179
5289
11130
16840
12992
13055
9047
9938
1384
2307
9603
2645
11452
18889
12230
9201
3529
12417
10687
10066
6997
11678
14692
13696
9446
4791
8337
13147
15494
12438
14534
9191
15185
18132
9921
2257
14026
18372
4608
3851
7127
12159
15135
17014
9105
7412
17444
3462
10917
17559
12499
9518
12808
7004
15368
14175
18554
9721
10698
9729
12541
12498
2800
5320
10261
6317
11752
8342
16431
8329
8906
9706
5190
6558
12516
4748
12484
14100
12265
11707
7708
11639
6565
6725
8032
10205
262
9806
8396
16751
15357
8674
4155
5833
17602
15298
8270
3828
5976
13239
8312
6355
15117
19436
5232
9834
6743
17489
10339
6375
13567
2309
7669
5728
9396
3062
4174
5339
4636
11862
6371
3163
12909
15774
10327
6600
10176
14788
7752
6899
14893
7562
8435
3768
3086
5644
10032
7981
12165
15247
18610
11796
7109
2040
16157
4714
11604
11878
10587
9464
13982
12187
6622
9660
2982
10336
9459
13084
11421
16838
6768
17685
9238
7469
11563
6203
14747
2264
10321
9213
5889
11249
8034
13678
4865
3385
1126
9062
3339
9247
12522
3153
5603
17695
9104
15580
9161
9398
6570
5706
9002
15773
15570
5902
10424
6518
12362
15623
10498
12946
12930
7301
7116
14695
8833
7826
8550
17020
7491
15735
7130
13565
10981
16514
5211
10140
9746
5642
9549
9605
3443
15274
10087
12467
7923
8199
13160
13602
10011
4677
8633
12421
11315
14299
13810
18304
4041
8304
4931
4412
8030
9668
9787
8035
2443
14077
12939
8513
16324
7824
3069
6445
8765
13944
8225
8311
10025
10149
13953
8667
12658
10178
14653
2556
4208
6521
5567
7093
10420
7085
8451
13957
6080
7346
10403
15488
14166
11364
3414
11558
3359
3958
10102
5962
11146
8224
7501
10778
18049
9023
9545
7867
5586
7941
2209
5680
10283
9902
9747
9963
7968
3195
15778
4459
7506
8632
7051
9821
11140
11639
9966
14326
16014
16043
12797
5712
3252
11644
8289
1914
8643
11904
8807
4685
18545
2352
15403
14170
13611
9883
15278
16230
13559
6617
9387
6700
8135
16429
5739
9593
6494
8204
7680
6020
11645
6756
6908
8158
16270
11373
16013
12744
2087
13795
12993
11167
4391
10443
10803
12419
17776
12076
11217
7857
17716
8554
12711
10583
13178
5330
6823
14717
11278
12342
7033
17233
2992
8550
4953
17106
11045
9103
9664
11260
13121
11719
4849
6567
10653
13616
12726
17904
5568
12632
11918
5895
14456
9425
13742
9667
2686
8569
10527
9071
3102
14276
8945
10603
18636
11386
8382
2574
11338
9662
11743
17352
9773
7372
10114
6891
4539
14452
13349
4350
10994
11597
12075
14919
8877
11198
12969
10457
13528
12100
13329
15914
16512
7704
11774
4552
6847
4850
9379
15040
9761
14284
3845
4530
11626
10071
8326
5527
9055
7405
694
12654
13516
15520
12683
6559
15855
4231
18288
8833
10800
7574
10297
3022
5390
5590
11441
6331
7510
16910
7821
18047
17018
8786
10097
5223
15581
6376
8604
10641
12529
9136
13533
10691
2727
10293
10128
13282
13324
15160
8745
10670
12237
9262
1853
10246
8839
10115
7554
12473
11112
9886
13812
7445
6998
9613
12045
11830
2738
16885
10052
10735
12867
10321
10713
6112
14617
8475
10928
10973
11230
9078
13574
2966
11059
12664
3337
9061
3306
8386
3937
18550
12257
12392
5651
16520
10304
9213
9214
9246
14735
10441
11662
16037
14293
11694
7978
5841
16327
16126
14302
7915
10950
7540
2011
9494
11402
6580
14847
7090
9746
10075
8086
10665
13205
15447
8493
11170
9547
18665
8202
10067
7153
11724
8323
10197
305
11202
15245
8213
14066
5015
12431
14709
10304
8947
14239
3518
11070
12449
6763
12871
5623
4516
8645
8376
9095
17976
14984
8914
12413
9203
2284
10750
10670
5453
8551
13558
15102
7748
9862
19164
11276
9540
12531
6959
9021
10653
17941
7366
10012
5100
6552
19090
2143
18108
14724
10018
3469
11317
7071
10000
9848
16456
17467
9105
8401
8747
1921
12961
10084
2421
7397
3513
11055
9571
4868
9628
15636
15209
5314
9639
7577
15022
15280
16267
8109
9230
6536
2726
12984
4774
10927
7977
9543
2370
12910
11278
13101
5393
6044
12804
5757
12363
10188
6237
6445
12784
4471
12992
13004
11578
6429
8161
10917
16969
14271
13818
7217
8673
10329
12337
1332
3202
8587
12523
10613
9266
6015
5629
10038
12950
7781
3394
12007
7812
6036
8166
4327
5876
12971
3563
15207
6036
9313
13563
6025
2719
18691
7861
10887
15739
11232
9700
10682
11179
10329
16294
12981
12166
9405
10704
11300
11941
4946
13394
10886
14518
8446
10382
6147
11839
5362
10125
9521
2399
7079
13412
11936
11075
14213
4476
2658
16273
5917
5641
7276
10301
14670
12742
15423
12173
10949
13585
3643
15176
14537
8364
17703
10060
10352
8389
2238
5674
18173
10156
9910
11507
13324
12802
15162
13881
6688
8656
5941
10716
10770
9329
13204
8974
6125
10382
10516
5952
9687
13513
8495
9958
8696
8631
13684
16339
3861
6520
17025
7499
3682
8242
8827
13448
18359
12421
9763
4743
13698
12154
8131
4542
10516
8115
11965
6100
8904
5254
7594
8952
8367
5513
12810
9295
5390
6596
2649
8220
13960
12468
11006
10629
5615
10348
7290
11867
9730
12844
16692
8106
8999
11958
11248
10222
15569
10190
7611
15544
15759
9140
7897
17764
11093
5577
8158
16222
11089
11509
11063
6602
3478
12265
10316
6075
12758
1831
8929
6396
11964
10512
2009
9983
13972
10844
12281
3429
9646
15905
8913
8744
9902
14088
1930
4261
8810
10370
6917
12975
14551
14982
16674
11649
13163
8988
14944
12804
10067
9085
13729
12245
3529
9711
15674
14041
8266
9764
12844
13965
8024
8084
6094
3223
10486
8159
11064
13108
2077
17744
10915
10682
16219
6826
4564
11424
12801
10965
15806
15058
9202
9566
2680
1211
4551
15213
12503
3705
9046
6843
10379
7959
13183
4782
5817
10693
8466
11637
15638
14960
7213
1065
8774
7496
4357
13191
11662
10622
16426
12892
4300
13615
16549
12970
7157
11434
14457
6792
9973
12811
14035
15419
3504
9599
16854
14879
15134
12979
6451
12928
6586
7037
5917
9683
9878
9276
4850
5019
9793
10990
16167
13212
13421
8393
11197
8890
11091
11531
5166
4658
12765
18014
11335
5026
14005
6833
7294
10530
18941
15997
12950
10627
9872
12811
12429
12788
14110
8218
6541
9279
4670
9775
8863
14441
8288
7000
8029
7041
12491
11997
16381
15523
10996
12289
13338
9844
6738
9030
18984
12463
6613
10270
16147
7953
6223
2615
10144
15799
18232
7735
12361
8636
16256
7406
6545
4272
8389
6857
10913
8583
10170
8796
15688
4159
11740
10900
8530
12258
16259
9084
8590
5019
6957
6924
8448
14062
3057
15284
6509
14426
6746
17761
17568
9120
12389
2040
16970
7016
10697
14502
2152
4115
16831
5715
14252
10648
18174
15331
11132
8626
8065
7207
3136
15315
7220
9331
13791
6343
11902
13019
4905
6209
11132
7879
11401
8492
12582
7205
15330
12256
7747
10980
4091
7568
12086
7557
16960
5480
10716
9415
15275
4287
9015
8984
10365
9601
8238
8706
13313
13731
9567
7801
4112
6381
5698
6001
9113
1534
8133
5178
10817
5667
14419
10440
9704
12190
8166
17560
12328
12515
18794
11704
11509
15092
12815
17196
4107
15391
12645
11669
12708
10677
5610
8560
1234
12318
15000
6992
9967
5207
7764
9119
4323
12159
15751
5669
9447
4742
3640
15700
16139
13961
14746
10353
8447
12905
17020
13491
18295
11016
8535
11561
11145
15744
8663
5071
14872
12293
12690
9740
13615
6405
10078
4683
4604
11476
14146
10178
12046
12783
16424
8215
13238
13619
8563
18828
11413
9165
4188
5272
1309
10988
12490
3451
12499
10653
13145
15628
4785
7723
18014
11878
10841
9974
6652
2878
4699
12472
6794
782
7568
7272
9360
12507
7555
10197
5838
4053
4878
10766
8331
8548
9271
9277
12355
14415
551
13341
9997
3113
8783
12179
7146
10358
12022
12613
10176
6088
11239
8217
18129
12574
9730
7648
14470
6336
13129
16932
10159
8653
13822
8887
11484
12502
9398
1727
8762
15265
16570
7275
6380
13350
11185
12490
6628
16229
4170
7152
11854
3786
9432
7836
16168
5742
8719
9187
15685
13665
11876
7271
9059
8011
10379
11588
17523
6189
9945
4205
9831
10612
12021
12707
11394
7283
7937
17183
17112
6578
3064
12429
12597
2952
8998
7712
6162
10086
7182
4946
8222
4551
19489
5861
9635
9502
9662
5047
6904
210
7861
7437
5306
7614
5725
11065
13847
9164
2761
8995
6522
4152
6781
3852
9903
8645
11043
3548
2662
15189
2781
15039
13633
9022
8286
11495
9219
10048
13903
5095
17020
6980
5231
13469
748
8985
13026
9215
17285
5758
8959
9435
8309
9587
12441
15077
13832
19285
15290
9662
3174
4977
11729
5565
1486
7290
17634
4032
11618
10861
13711
18929
14349
9311
10025
7440
16678
8457
12018
6479
18051
13008
15905
7980
9717
4287
17486
3676
10487
